13A6670720250827002130
28006664046677000000000000000
25449000195906000000000000000
28001190103962000000000000000
28007640879012000000000000000
28006150200187000000000000000
25449000227560000000000000000
28003170074088000000000000000
28001100050423000000000000000
28003170086371000000000000000
28006890390988000000000000000
28003170084506000000000000000
28006540763056000000000000000
28006540325872000000000000000
28006540070574000000000000000
28006540325810000000000000000
28006540752104000000000000000
28700216465649000000000000000
28006540755440000000000000000
28006540813683000000000000000
28006540752098000000000000000
28006540752371000000000000000
28006540490037000000000000000
28700216412308000000000000000
28001090631350000000000000000
28001841310466000000000000000
28001841332383000000000000000
28006540325841000000000000000
28001841959979000000000000000
28001841543390000000000000000
28001841960210000000000000000
28001841945927000000000000000
28006540755594000000000000000
28001841944166000000000000000
28001090981646000000000000000
28001841893846000000000000000
29780487531174000000000000000
29780487531167000000000000000
25449000325297000000000000000
28002910052782000000000000000
28002910045883000000000000000
28002910060282000000000000000
28002910047702000000000000000
28002910060169000000000000000
28002910060046000000000000000
28002910043735000000000000000
28002910057565000000000000000
28002910057862000000000000000
25449000237101000000000000000
2B - 80939139 000000000000000
