13A6670720250924002130
28718951679849000000000000000
28718951570047000000000000000
28718951001572000000000000000
28712857971830000000000000000
28426967027881000000000000000
28411114086965000000000000000
28076809579452000000000000000
28051411536154000000000000000
28032774731134000000000000000
28032774731127000000000000000
28032774731110000000000000000
28031848002774000000000000000
28031575099924000000000000000
28026921010111000000000000000
28026921000105000000000000000
28026921000051000000000000000
28026862777623000000000000000
28026196989242000000000000000
28026196989235000000000000000
28026196980058000000000000000
28026196969909000000000000000
28026196950044000000000000000
28026196950037000000000000000
28026196910376000000000000000
28023766053235000000000000000
28021983812475000000000000000
28021709000018000000000000000
28020458000638000000000000000
28020458000577000000000000000
28020458000362000000000000000
28020141760009000000000000000
28020141640004000000000000000
28020141215004000000000000000
28017331077672000000000000000
28016825938031000000000000000
28016565042579000000000000000
28016565041701000000000000000
28016565034710000000000000000
28015962000021000000000000000
28015700165432000000000000000
28015100572090000000000000000
28011690250400000000000000000
28011690250387000000000000000
28010573012340000000000000000
28010333004653000000000000000
28009432043281000000000000000
28009245770800000000000000000
28009245001058000000000000000
28009245001010000000000000000
28009193050016000000000000000
28009150112214000000000000000
28008627000450000000000000000
28008627000399000000000000000
28008627000177000000000000000
28008490000144000000000000000
28008490000021000000000000000
28007393008103000000000000000
28007393002507000000000000000
28007393000206000000000000000
28007229343354000000000000000
28007229305321000000000000000
28007229004347000000000000000
