0042955001200210049999123145000550000000000000000000000000000000000000000000100220000000000000000000000000  1  1                                            202410300706SUPERVISOR
0510670001202408239999123127907449612713200000000000000000000000000000000000040100220000000000000000000000  1  1  1                                         202508140932SUPERVISOR
0510672001202408239999123176923230770000000000000000000000000000000000000000100220000000000000000000000000  1  1                                            202508140932SUPERVISOR
0510673001202408239999123176923230770000000000000000000000000000000000000000100220000000000000000000000000  1  1                                            202508140932SUPERVISOR
0519483001202408239999123126087488292508400000000000000000000000000000000000040100220000000000000000000000  1  1  1                                         202508140932SUPERVISOR
0535277001202408239999123141527377082076500000000000000000000000000000000000040100220000000000000000000000  1  1  1                                         202508140932SUPERVISOR
0535278001202508069999123131916489141917000000000000000000000000000000000000040100220000000000000000000000  1  1  1                                         202508140932SUPERVISOR
0545067001202408239999123127033335423942500000000000000000000000000000000000040100220000000000000000000000  1  1  1                                         202508140932SUPERVISOR
0549455001202408239999123178696213040000000000000000000000000000000000000000100220000000000000000000000000  1  1                                            202508140932SUPERVISOR
0570054001202009109999123110017627712721200000000000000000000000000000000000040100220000000000000000000000  1  1  1                                         202508140932SUPERVISOR
0580591001202208119999123174032259680000000000000000000000000000000000000000100220000000000000000000000000  1  1                                            202508140932SUPERVISOR
0582144001202110089999123166667333330000000000000000000000000000000000000000220000000000000000000000000000  1  2                        CO3A                202111050845APPDIFF
0582674001202209079999123166680333200000000000000000000000000000000000000000100220000000000000000000000000  1  1                                            202411130703SUPERVISOR
0588601001202210119999123173685263150000000000000000000000000000000000000000220000000000000000000000000000  1  2                        CO3A                202210270628TRADE
0589441001202212289999123138460615400000000000000000000000000000000000000000100220000000000000000000000000  1  1                                            202502010702SUPERVISOR
0596678001202309289999123173685263150000000000000000000000000000000000000000220000000000000000000000000000  1  2                        CO3A                202310020825SUPERVISOR
0599377001202401259999123137360626400000000000000000000000000000000000000000100220000000000000000000000000  1  1                                            202502010702SUPERVISOR
0673640001200802169999123171381286190000000000000000000000000000000000000000100220000000000000000000000000  1  1                                            202204210926TRADE
0677740001200910059999123181111188890000000000000000000000000000000000000000100220000000000000000000000000  1  1                                            202201220747TRADE
0677742001200910059999123181111188890000000000000000000000000000000000000000100220000000000000000000000000  1  1                                            202201220747TRADE
0680573001201010129999123175367246330000000000000000000000000000000000000000100220000000000000000000000000  1  1                                            202502260705SUPERVISOR
0680627001201110149999123168490315100000000000000000000000000000000000000000100220000000000000000000000000  1  1                                            202211081356SUPERVISOR
0680630001201010149999123177470225300000000000000000000000000000000000000000100220000000000000000000000000  1  1                                            202502051118SUPERVISOR
0680636001201010149999123177470225300000000000000000000000000000000000000000100220000000000000000000000000  1  1                                            202502051118SUPERVISOR
0683085001201109299999123127907449612713200000000000000000000000000000000000040100220000000000000000000000  1  1  1                                         202508141048luca
0685689001201209069999123126087488292508400000000000000000000000000000000000040100220000000000000000000000  1  1  1                                         202508141048luca
0686220001201210229999123168490315100000000000000000000000000000000000000000100220000000000000000000000000  1  1                                            202211081357SUPERVISOR
0688896001201310019999123141527377082076500000000000000000000000000000000000040100220000000000000000000000  1  1  1                                         202508141048luca
0689714001201901289999123178360216400000000000000000000000000000000000000000100220000000000000000000000000  1  1                                            202202230737TRADE
0690499001201406069999123188034119660000000000000000000000000000000000000000040100000000000000000000000000  1  1                                            202211091419TRADE
0691473001201410029999123131916489141917000000000000000000000000000000000000040100220000000000000000000000  1  1  1                                         202508141048luca
0691475001201410029999123177600224000000000000000000000000000000000000000000100220000000000000000000000000  1  1                                            202411060704SUPERVISOR
0691484001201410029999123134811529511223800000000000000000000000000000000000040100220000000000000000000000  1  1  1                                         202508140801SUPERVISOR
0694128001201509079999123188034119660000000000000000000000000000000000000000040100000000000000000000000000  1  1                                            202211091419TRADE
0694230001201509179999123127033335423942500000000000000000000000000000000000040100220000000000000000000000  1  1  1                                         202508141048luca
0694260001201509219999123121857605001764300000000000000000000000000000000000040100220000000000000000000000  1  1  1                                         202502051118SUPERVISOR
0694886001201511179999123197391026090000000000000000000000000000000000000000100040000000000000000000000000  1  1                                            202508140801SUPERVISOR
0697090001201709229999123112235776831008200000000000000000000000000000000000040100220000000000000000000000  1  1  1                                         202508140801SUPERVISOR
0697114001201609149999123135987400002401300000000000000000000000000000000000040100220000000000000000000000  1  1  1                                         202201220746TRADE
0697290001201609229999123184210157900000000000000000000000000000000000000000100220000000000000000000000000  1  1                                            202502051119SUPERVISOR
0697301001201709229999123186922130780000000000000000000000000000000000000000100220000000000000000000000000  1  1                                            202210270628TRADE
0697301002202009149999123186380136200000000000000000000000000000000000000000100220000000000000000000000000  1  1                                            202411010702SUPERVISOR
0697301003202009159999123184500155000000000000000000000000000000000000000000100220000000000000000000000000  1  1                                            202210270628TRADE
0697301004202209169999123186380136200000000000000000000000000000000000000000100220000000000000000000000000  1  1                                            202411010702SUPERVISOR
0697409001201610059999123143882561180000000000000000000000000000000000000000100220000000000000000000000000  1  1                                            202410300706SUPERVISOR
0697525001201610119999123191156088440000000000000000000000000000000000000000040100000000000000000000000000  1  1                                            202211091419TRADE
0697526001201610119999123160000400000000000000000000000000000000000000000000040220000000000000000000000000  1  1                                            202506251109SUPERVISOR
0702659001201806209999123186170138300000000000000000000000000000000000000000040100000000000000000000000000  1  1                                            202508140801SUPERVISOR
0703090001201808239999123176923230770000000000000000000000000000000000000000100220000000000000000000000000  1  1                                            202508141048luca
0703092001201808239999123176923230770000000000000000000000000000000000000000100220000000000000000000000000  1  1                                            202508141048luca
0703139001201808289999123163063369370000000000000000000000000000000000000000100220000000000000000000000000  1  1                                            202211091419TRADE
0703267001201809079999123112319803310735000000000000000000000000000000000000040100220000000000000000000000  1  1  1                                         202502051118SUPERVISOR
0703321001201809149999123186000140000000000000000000000000000000000000000000100220000000000000000000000000  1  1                                            202502051118SUPERVISOR
0704514001201901289999123175000250000000000000000000000000000000000000000000100220000000000000000000000000  1  1                                            202202230737TRADE
0704516001201901289999123185750142500000000000000000000000000000000000000000100220000000000000000000000000  1  1                                            202202230737TRADE
0704969001201903159999123157241427590000000000000000000000000000000000000000040100000000000000000000000000  1  1                                            202211091419TRADE
0706172001201908079999123186960130400000000000000000000000000000000000000000100220000000000000000000000000  1  1                                            202504180908SUPERVISOR
0706250001201908149999123155276447240000000000000000000000000000000000000000100220000000000000000000000000  1  1                                            202211260847TRADE
0706286001201908229999123122355512022644300000000000000000000000000000000000040100220000000000000000000000  1  1  1                                         202502051118SUPERVISOR
0706287001201908229999123181737182630000000000000000000000000000000000000000100220000000000000000000000000  1  1                                            202502051118SUPERVISOR
0706287002202009109999123181737182630000000000000000000000000000000000000000100220000000000000000000000000  1  1                                            202502051118SUPERVISOR
0706524001201909169999123189400106000000000000000000000000000000000000000000100220000000000000000000000000  1  1                                            202101220912CONAD
0707165001201911279999123112200878000000000000000000000000000000000000000000220100000000000000000000000000  1  1                                            202007080919TRADE
0707167001201911279999123119700803000000000000000000000000000000000000000000220100000000000000000000000000  1  1                                            201912040912CONAD
0709060001202007029999123145520544800000000000000000000000000000000000000000100220000000000000000000000000  1  1                                            202211150916TRADE
0712732001202007249999123112309876910000000000000000000000000000000000000000220100000000000000000000000000  1  1                                            202504180908SUPERVISOR
0713359001202009109999123110017627712721200000000000000000000000000000000000040100220000000000000000000000  1  1  1                                         202508141048luca
0713385001202009119999123140617593830000000000000000000000000000000000000000100220000000000000000000000000  1  1                                            202211260847TRADE
0713387001202009119999123121622270275135100000000000000000000000000000000000040100220000000000000000000000  1  1  1                                         202508140801SUPERVISOR
0713395001202009119999123187210127900000000000000000000000000000000000000000040220000000000000000000000000  1  1                                            202508140801SUPERVISOR
0718157001202108099999123174032259680000000000000000000000000000000000000000100220000000000000000000000000  1  1                                            202508141048luca
0718202001202108129999123110403725151708200000000000000000000000000000000000040100220000000000000000000000  1  1  1                                         202502051118SUPERVISOR
0718215001202108139999123122155538132403200000000000000000000000000000000000040100220000000000000000000000  1  1  1                                         202508140801SUPERVISOR
0718265001202108189999123124303435853211200000000000000000000000000000000000040100220000000000000000000000  1  1  1                                         202502051118SUPERVISOR
0718266001202108189999123120440499902957000000000000000000000000000000000000040100220000000000000000000000  1  1  1                                         202211260847TRADE
0718267001202108189999123117194517363107000000000000000000000000000000000000040100220000000000000000000000  1  1  1                                         202502051118SUPERVISOR
0718299001202108239999123146853531470000000000000000000000000000000000000000100220000000000000000000000000  1  1                                            202201220746TRADE
0718301001202108239999123152000346671333300000000000000000000000000000000000040100220000000000000000000000  1  1  1                                         202201220746TRADE
0718304001202108249999123147368210533157900000000000000000000000000000000000040100220000000000000000000000  1  1  1                                         202201220746TRADE
0718305001202108249999123178947210530000000000000000000000000000000000000000100220000000000000000000000000  1  1                                            202201220746TRADE
0718336001202108269999123157426318141076000000000000000000000000000000000000040100220000000000000000000000  1  1  1                                         202502051118SUPERVISOR
0718366001202208169999123136981535160950300000000000000000000000000000000000040100220000000000000000000000  1  1  1                                         202502051118SUPERVISOR
0718827001202408239999123174820251800000000000000000000000000000000000000000100220000000000000000000000000  1  1                                            202502051118SUPERVISOR
0718829001202109219999123187070129300000000000000000000000000000000000000000040100000000000000000000000000  1  1                                            202209240846TRADE
0718846001202408239999123174820251800000000000000000000000000000000000000000100220000000000000000000000000  1  1                                            202502051118SUPERVISOR
0719586001202106169999123122670556672166300000000000000000000000000000000000040100220000000000000000000000  1  1  1                                         202211260847TRADE
0719754001202112139999123179400206000000000000000000000000000000000000000000100220000000000000000000000000  1  1                                            202201220746TRADE
0720079001202201209999123185090149100000000000000000000000000000000000000000100220000000000000000000000000  1  1                                            202202230737TRADE
0720931001202203039999123146160538400000000000000000000000000000000000000000100040000000000000000000000000  1  1                                            202205271513SUPERVISOR
0720931002202203039999123132200678000000000000000000000000000000000000000000100040000000000000000000000000  1  1                                            202205271513SUPERVISOR
0722818001202208239999123140000600000000000000000000000000000000000000000000040100000000000000000000000000  1  1                                            202407170705SUPERVISOR
0722899001202208089999123123256472872945700000000000000000000000000000000000040100220000000000000000000000  1  1  1                                         202211260847TRADE
0722900001202208099999123177629223710000000000000000000000000000000000000000100220000000000000000000000000  1  1                                            202211260847TRADE
0722900002202208089999123177629223710000000000000000000000000000000000000000100220000000000000000000000000  1  1                                            202211260847TRADE
0722903001202208089999123174862251380000000000000000000000000000000000000000100220000000000000000000000000  1  1                                            202502051118SUPERVISOR
0722904001202208089999123109690727751753500000000000000000000000000000000000040100220000000000000000000000  1  1  1                                         202211260847TRADE
0722955001202208169999123104657868360850700000000000000000000000000000000000040100220000000000000000000000  1  1  1                                         202211260847TRADE
0723025001202208239999123182022179780000000000000000000000000000000000000000100220000000000000000000000000  1  1                                            202502051118SUPERVISOR
0723025002202208239999123182022179780000000000000000000000000000000000000000100220000000000000000000000000  1  1                                            202502051118SUPERVISOR
0723174001202209059999123140088323002761200000000000000000000000000000000000040100220000000000000000000000  1  1  1                                         202502051118SUPERVISOR
0723180001202209059999123186924130760000000000000000000000000000000000000000100220000000000000000000000000  1  1                                            202508140801SUPERVISOR
0725163001202401109999123172142278580000000000000000000000000000000000000000100220000000000000000000000000  1  1                                            202505280705SUPERVISOR
0728151001202307179999123187850121500000000000000000000000000000000000000000040100000000000000000000000000  1  1                                            202504190709SUPERVISOR
0728177001202307189999123187130128700000000000000000000000000000000000000000040100000000000000000000000000  1  1                                            202410160707SUPERVISOR
0728179001202307189999123163240367600000000000000000000000000000000000000000100220000000000000000000000000  1  1                                            202504190709SUPERVISOR
0728183001202307189999123187860121400000000000000000000000000000000000000000040100000000000000000000000000  1  1                                            202504190709SUPERVISOR
0728184001202307189999123154240457600000000000000000000000000000000000000000040100000000000000000000000000  1  1                                            202504190709SUPERVISOR
0728186001202307189999123191230087700000000000000000000000000000000000000000040100000000000000000000000000  1  1                                            202504190709SUPERVISOR
0728662001202408309999123111301639342476500000000000000000000000000000000000040100220000000000000000000000  1  1  1                                         202508140801SUPERVISOR
0728666001202408309999123124331549132075600000000000000000000000000000000000040100220000000000000000000000  1  1  1                                         202508140801SUPERVISOR
0728673001202409039999123136933549520811500000000000000000000000000000000000040100220000000000000000000000  1  1  1                                         202502051118SUPERVISOR
0728675001202408299999123120100653261457400000000000000000000000000000000000040100220000000000000000000000  1  1  1                                         202508140801SUPERVISOR
0728676001202408299999123110811756761351300000000000000000000000000000000000040100220000000000000000000000  1  1  1                                         202508140801SUPERVISOR
0728689001202409069999123181111188890000000000000000000000000000000000000000100220000000000000000000000000  1  1                                            202502051118SUPERVISOR
0728689002202409079999123181111188890000000000000000000000000000000000000000100220000000000000000000000000  1  1                                            202502051118SUPERVISOR
0728727001202408239999123121528585651990700000000000000000000000000000000000040100220000000000000000000000  1  1  1                                         202502051118SUPERVISOR
0728930001202409109999123155810441900000000000000000000000000000000000000000100220000000000000000000000000  1  1                                            202502051118SUPERVISOR
0728930002202409109999123155810441900000000000000000000000000000000000000000100220000000000000000000000000  1  1                                            202502051118SUPERVISOR
0731007001202311309999123107800922000000000000000000000000000000000000000000220100000000000000000000000000  1  1                                            202412040706SUPERVISOR
0731008001202311309999123106017939830000000000000000000000000000000000000000220100000000000000000000000000  1  1                                            202505210706SUPERVISOR
0731123001202312299999123179236207640000000000000000000000000000000000000000100220000000000000000000000000  1  1                                            202505280705SUPERVISOR
0731202001202401129999123155550444500000000000000000000000000000000000000000100220000000000000000000000000  1  1                                            202505280705SUPERVISOR
0734139001202408239999123133000330003400000000000000000000000000000000000000040100220000000000000000000000  1  1  1                                         202502051118SUPERVISOR
0734208001202408299999123116722568562642200000000000000000000000000000000000040100220000000000000000000000  1  1  1                                         202502051118SUPERVISOR
0734355001202409129999123179380206200000000000000000000000000000000000000000100220000000000000000000000000  1  1                                            202502051118SUPERVISOR
0734360001202409139999123115633600872428000000000000000000000000000000000000040100220000000000000000000000  1  1  1                                         202502051118SUPERVISOR
0735151001202411059999123174020259800000000000000000000000000000000000000000040220000000000000000000000000  1  1                                            202504190709SUPERVISOR
0735264001202411229999123108600914000000000000000000000000000000000000000000220100000000000000000000000000  1  1                                            202505210706SUPERVISOR
5662551001202407109999123117230827700000000000000000000000000000000000000000220100000000000000000000000000  1  1                                            202502010702SUPERVISOR
5664118001202410049999123173685263150000000000000000000000000000000000000000220000000000000000000000000000  1  2                        CO3A                202411050702SUPERVISOR
