 101849  1  1VEDI BOOK                     I
 101849  1  2                              I
 101849  1  3                              I
 101849  1  4                              I
 101849  1  5                              I
 101849  1  6                              I
 101849  1  7                              I
 101849  1  8                              I
 101849  1  9                              I
 101849  1 10                              I
 101849  1  1                              A
 101849  1  2                              A
 101849  1  3                              A
 101849  1  4                              A
 101849  1  5                              A
 101849  1  6                              A
 101849  1  7                              A
 101849  1  8                              A
 101849  1  9                              A
 101849  1 10                              A
 101849  1  1VEDI BOOK                     I
 101849  1  2                              I
 101849  1  3                              I
 101849  1  4                              I
 101849  1  5                              I
 101849  1  6                              I
 101849  1  7                              I
 101849  1  8                              I
 101849  1  9                              I
 101849  1 10                              I
 101849  1  1                              A
 101849  1  2                              A
 101849  1  3                              A
 101849  1  4                              A
 101849  1  5                              A
 101849  1  6                              A
 101849  1  7                              A
 101849  1  8                              A
 101849  1  9                              A
 101849  1 10                              A
