0042955001201310019999123145000550000000000000000000000000000000000000000000100220000000000000000000000000  1  1                                            202410300822GANPSG
0501005001202009289999123179852201480000000000000000000000000000000000000000100220000000000000000000000000  1  1                                            202309130841GANPSG
0501006001202009289999123179852201480000000000000000000000000000000000000000100220000000000000000000000000  1  1                                            202206080736GANPSG
0510670001201808239999123128682410853023300000000000000000000000000000000000040100220000000000000000000000  1  1  1                                         202408280818GANPSG
0510672001201808239999123178200218000000000000000000000000000000000000000000100220000000000000000000000000  1  1                                            202501020817GANPSG
0510673001201808239999123178200218000000000000000000000000000000000000000000100220000000000000000000000000  1  1                                            202408280818GANPSG
0516245001201808239999123111705471234117200000000000000000000000000000000000040100220000000000000000000000  1  1  1                                         202310280814GANPSG
0519483001201808239999123131103444822441500000000000000000000000000000000000040100220000000000000000000000  1  1  1                                         202408280818GANPSG
0535277001201808239999123149165362771455800000000000000000000000000000000000040100220000000000000000000000  1  1  1                                         202408280818GANPSG
0535278001201808239999123136380462001742000000000000000000000000000000000000040100220000000000000000000000  1  1  1                                         202401170831GANPSG
0545067001201808239999123130287305383917500000000000000000000000000000000000040100220000000000000000000000  1  1  1                                         202408280818GANPSG
0549455001201909189999123184210157900000000000000000000000000000000000000000100220000000000000000000000000  1  1                                            202501020817GANPSG
0557655001201808239999123107833830280913900000000000000000000000000000000000040100220000000000000000000000  1  1  1                                         202310280814GANPSG
0557658001201808239999123105846746341952000000000000000000000000000000000000040100220000000000000000000000  1  1  1                                         202310280814GANPSG
0562727001201910169999123152370476300000000000000000000000000000000000000000040100000000000000000000000000  1  1                                            202007240815SUPERVISOR
0562728001201910169999123181070189300000000000000000000000000000000000000000100040000000000000000000000000  1  1                                            202007240815SUPERVISOR
0570054001202009109999123112688641072320500000000000000000000000000000000000040100220000000000000000000000  1  1  1                                         202408280818GANPSG
0580591001202208119999123176942230580000000000000000000000000000000000000000100220000000000000000000000000  1  1                                            202410160708GANPSG
0582144001202110089999123166667333330000000000000000000000000000000000000000220000000000000000000000000000  1  2                        CO3A                202111051015APPDIFF
0582674001202209079999123166680333200000000000000000000000000000000000000000100220000000000000000000000000  1  1                                            202411130813GANPSG
0588601001202210119999123173685263150000000000000000000000000000000000000000220000000000000000000000000000  1  2                        CO3A                202210260738GANPSG
0589232001202212019999123109020849300605000000000000000000000000000000000000040100220000000000000000000000  1  1  1                                         202308100806GANPSG
0589441001202212289999123138460615400000000000000000000000000000000000000000100220000000000000000000000000  1  1                                            202502010811GANPSG
0595724001202309049999123175350246500000000000000000000000000000000000000000100220000000000000000000000000  1  1                                            202310280812GANPSG
0596635001202309299999123108996785611244300000000000000000000000000000000000040100220000000000000000000000  1  1  1                                         202402210710GANPSG
0596636001202309299999123116380836200000000000000000000000000000000000000000040100000000000000000000000000  1  1                                            202402210710GANPSG
0596637001202309299999123116532606032286500000000000000000000000000000000000040100220000000000000000000000  1  1  1                                         202402140828GANPSG
0596640001202309299999123115099849010000000000000000000000000000000000000000040100000000000000000000000000  1  1                                            202402210710GANPSG
0596641001202309299999123118077819230000000000000000000000000000000000000000040100000000000000000000000000  1  1                                            202402210710GANPSG
0596643001202309299999123116174838260000000000000000000000000000000000000000040100000000000000000000000000  1  1                                            202402210710GANPSG
0596678001202309289999123173685263150000000000000000000000000000000000000000220000000000000000000000000000  1  2                        CO3A                202310190807GANPSG
0599377001202401259999123137360626400000000000000000000000000000000000000000100220000000000000000000000000  1  1                                            202502010811GANPSG
0673241001201710049999123181414185860000000000000000000000000000000000000000100220000000000000000000000000  1  1                                            201910300810GANPSG
0673242001201710049999123181414185860000000000000000000000000000000000000000100220000000000000000000000000  1  1                                            202002050730SUPERVISOR
0673256001201409029999123131090443122459800000000000000000000000000000000000040100220000000000000000000000  1  1  1                                         202106160732SUPERVISOR
0673257001201409029999123133078445092241300000000000000000000000000000000000040100220000000000000000000000  1  1  1                                         202106160732SUPERVISOR
0673258001201409029999123122472561762135200000000000000000000000000000000000040100220000000000000000000000  1  1  1                                         201907310822GANPSG
0673640001201502029999123172952270480000000000000000000000000000000000000000100220000000000000000000000000  1  1                                            202205180724GANPSG
0677212001201310019999123159554404460000000000000000000000000000000000000000100220000000000000000000000000  1  1                                            201410090755capo
0677740001201509239999123181111188890000000000000000000000000000000000000000100220000000000000000000000000  1  1                                            202201190738GANPSG
0677742001201509239999123181111188890000000000000000000000000000000000000000100220000000000000000000000000  1  1                                            202201190738GANPSG
0679883001201409029999123120252594792026900000000000000000000000000000000000040100220000000000000000000000  1  1  1                                         202106160732SUPERVISOR
0680573001201310079999123175367246330000000000000000000000000000000000000000100220000000000000000000000000  1  1                                            202502260813GANPSG
0680627001201410039999123166530334700000000000000000000000000000000000000000100220000000000000000000000000  1  1                                            202401310822GANPSG
0680630001201410039999123177470225300000000000000000000000000000000000000000100220000000000000000000000000  1  1                                            202502060813GANPSG
0680636001201410039999123177470225300000000000000000000000000000000000000000100220000000000000000000000000  1  1                                            202502060813GANPSG
0683085001201310019999123128682410853023300000000000000000000000000000000000040100220000000000000000000000  1  1  1                                         202502060813GANPSG
0683121001201310019999123144570554300000000000000000000000000000000000000000100220000000000000000000000000  1  1                                            201609280859GANPSG
0685689001201410029999123131103444822441500000000000000000000000000000000000040100220000000000000000000000  1  1  1                                         202502060813GANPSG
0685807001201310019999123174937250630000000000000000000000000000000000000000100220000000000000000000000000  1  1                                            201511121028GANPSG
0686053001201310019999123148000520000000000000000000000000000000000000000000100220000000000000000000000000  1  1                                            201504141501capo
0686220001201410039999123168490315100000000000000000000000000000000000000000100220000000000000000000000000  1  1                                            202302010816GANPSG
0686469001201310019999123149000510000000000000000000000000000000000000000000100220000000000000000000000000  1  1                                            201504141501capo
0688896001201410029999123149165362771455800000000000000000000000000000000000040100220000000000000000000000  1  1  1                                         202502060813GANPSG
0688898001201310019999123110706678822141200000000000000000000000000000000000040100220000000000000000000000  1  1  1                                         201411090948capo
0688961001201410039999123168672313280000000000000000000000000000000000000000100220000000000000000000000000  1  1                                            201611120915GANPSG
0689339001201412199999123149000510000000000000000000000000000000000000000000100220000000000000000000000000  1  1                                            202004290733SUPERVISOR
0689714001201901289999123179475205250000000000000000000000000000000000000000100220000000000000000000000000  1  1                                            202306140809GANPSG
0690499001201406069999123188034119660000000000000000000000000000000000000000040100000000000000000000000000  1  1                                            202309060831GANPSG
0691451001201410019999123180697193030000000000000000000000000000000000000000100220000000000000000000000000  1  1                                            201611041516GANPSG
0691453001201410019999123180697193030000000000000000000000000000000000000000100220000000000000000000000000  1  1                                            201611041516GANPSG
0691455001201410019999123180697193030000000000000000000000000000000000000000100220000000000000000000000000  1  1                                            201611041516GANPSG
0691472001201410029999123131328426072606500000000000000000000000000000000000040100220000000000000000000000  1  1  1                                         201411090948capo
0691473001201410029999123133239494801728100000000000000000000000000000000000040100220000000000000000000000  1  1  1                                         202502060813GANPSG
0691474001201410029999123109619727451763600000000000000000000000000000000000040100220000000000000000000000  1  1  1                                         201411090948capo
0691475001201410029999123177600224000000000000000000000000000000000000000000100220000000000000000000000000  1  1                                            202411060824GANPSG
0691482001201410029999123114149435114234000000000000000000000000000000000000040100220000000000000000000000  1  1  1                                         201611120915GANPSG
0691483001201410029999123115000536793132100000000000000000000000000000000000040100220000000000000000000000  1  1  1                                         201511121028GANPSG
0691484001201410029999123129809575191267200000000000000000000000000000000000040100220000000000000000000000  1  1  1                                         202502060813GANPSG
0691485001201410029999123174070103491558100000000000000000000000000000000000040100220000000000000000000000  1  1  1                                         201901160734GANPSG
0691487001201410029999123121407594121918100000000000000000000000000000000000040100220000000000000000000000  1  1  1                                         201501210733capo
0691488001201410029999123167639323610000000000000000000000000000000000000000100220000000000000000000000000  1  1                                            201501210733capo
0691492001201410029999123169025309750000000000000000000000000000000000000000100220000000000000000000000000  1  1                                            201611041516GANPSG
0691493001201410029999123165255347450000000000000000000000000000000000000000100220000000000000000000000000  1  1                                            201611041516GANPSG
0691494001201410029999123139000270003400000000000000000000000000000000000000040100220000000000000000000000  1  1  1                                         202101271003SUPERVISOR
0691495001201410029999123115980340205000000000000000000000000000000000000000040100220000000000000000000000  1  1  1                                         201501210733capo
0691496001201410029999123111000550003400000000000000000000000000000000000000040100220000000000000000000000  1  1  1                                         201501210733capo
0691497001201410029999123152586474140000000000000000000000000000000000000000100220000000000000000000000000  1  1                                            201501210733capo
0691498001201410029999123152586474140000000000000000000000000000000000000000100220000000000000000000000000  1  1                                            201501210733capo
0691499001201410029999123156550434500000000000000000000000000000000000000000100220000000000000000000000000  1  1                                            201412170908capo
0691900001201411269999123108734723161895000000000000000000000000000000000000040100220000000000000000000000  1  1  1                                         202012050848SUPERVISOR
0692144001201502069999123186487135130000000000000000000000000000000000000000100220000000000000000000000000  1  1                                            201801170754GANPSG
0694128001201509079999123188034119660000000000000000000000000000000000000000040100000000000000000000000000  1  1                                            202309211227GANPSG
0694208001201509169999123167556324440000000000000000000000000000000000000000100220000000000000000000000000  1  1                                            202203090727GANPSG
0694209001201509169999123167555324450000000000000000000000000000000000000000100220000000000000000000000000  1  1                                            202111260836GANPSG
0694210001201509169999123133846594230673100000000000000000000000000000000000040100220000000000000000000000  1  1  1                                         201609280859GANPSG
0694211001201509169999123115829415204265100000000000000000000000000000000000040100220000000000000000000000  1  1  1                                         201809120805GANPSG
0694212001201509169999123120652303264902200000000000000000000000000000000000040100220000000000000000000000  1  1  1                                         201809120805GANPSG
0694221001201509169999123140000339862601400000000000000000000000000000000000040100220000000000000000000000  1  1  1                                         202111130815GANPSG
0694222001201509169999123162000350000300000000000000000000000000000000000000040100220000000000000000000000  1  1  1                                         201511121028GANPSG
0694223001201509169999123134000230004300000000000000000000000000000000000000040100220000000000000000000000  1  1  1                                         201512101015GANPSG
0694230001201509179999123130287305383917500000000000000000000000000000000000040100220000000000000000000000  1  1  1                                         202502060813GANPSG
0694232001201509179999123128428506512092100000000000000000000000000000000000040100220000000000000000000000  1  1  1                                         201801170754GANPSG
0694236001201509179999123166267337330000000000000000000000000000000000000000100220000000000000000000000000  1  1                                            202012050848SUPERVISOR
0694259001201509219999123109768822840794800000000000000000000000000000000000040100220000000000000000000000  1  1  1                                         201708030839GANPSG
0694260001201509219999123121857605001764300000000000000000000000000000000000040100220000000000000000000000  1  1  1                                         202502060813GANPSG
0694458001201509309999123153000470000000000000000000000000000000000000000000100220000000000000000000000000  1  1                                            202005060830SUPERVISOR
0694689001201609139999123141830491550901500000000000000000000000000000000000040100220000000000000000000000  1  1  1                                         202101271003SUPERVISOR
0694832001201511169999123161111388890000000000000000000000000000000000000000100220000000000000000000000000  1  1                                            201605300819GANPSG
0694886001201511179999123197391026090000000000000000000000000000000000000000100040000000000000000000000000  1  1                                            202502080811GANPSG
0695017001201512199999123105350502504440000000000000000000000000000000000000040100220000000000000000000000  1  1  1                                         201512270808GANPSG
0697090001201709229999123105541852250923400000000000000000000000000000000000040100220000000000000000000000  1  1  1                                         202502060813GANPSG
0697114001201609149999123135987400002401300000000000000000000000000000000000040100220000000000000000000000  1  1  1                                         202111130815GANPSG
0697115001201609149999123136012500001398800000000000000000000000000000000000040100220000000000000000000000  1  1  1                                         201801170754GANPSG
0697116001201609149999123140000400002000000000000000000000000000000000000000040100220000000000000000000000  1  1  1                                         202112290737GANPSG
0697290001201609229999123184210157900000000000000000000000000000000000000000100220000000000000000000000000  1  1                                            202502060813GANPSG
0697301001201709229999123186922130780000000000000000000000000000000000000000100220000000000000000000000000  1  1                                            202210190706GANPSG
0697301002202009149999123186380136200000000000000000000000000000000000000000100220000000000000000000000000  1  1                                            202411020812GAN
0697301003202009159999123184500155000000000000000000000000000000000000000000100220000000000000000000000000  1  1                                            202210190706GANPSG
0697301004202209169999123186380136200000000000000000000000000000000000000000100220000000000000000000000000  1  1                                            202411020812GAN
0697409001201610059999123143882561180000000000000000000000000000000000000000100220000000000000000000000000  1  1                                            202410300822GANPSG
0697525001201610119999123191156088440000000000000000000000000000000000000000040100000000000000000000000000  1  1                                            202309211227GANPSG
0697526001201610119999123187654123460000000000000000000000000000000000000000040220000000000000000000000000  1  1                                            202501250813GANPSG
0697749001201609019999123115120398564502400000000000000000000000000000000000040100220000000000000000000000  1  1  1                                         201611160801GANPSG
0697777001201611149999123187719122810000000000000000000000000000000000000000100220000000000000000000000000  1  1                                            201702010801GANPSG
0699694001201704249999123147080529200000000000000000000000000000000000000000100220000000000000000000000000  1  1                                            202012160725SUPERVISOR
0699794001201707189999123123784422673394900000000000000000000000000000000000040100220000000000000000000000  1  1  1                                         201907310822GANPSG
0700236001201709199999123104808845231066900000000000000000000000000000000000040100220000000000000000000000  1  1  1                                         201801170754GANPSG
0700255001201709229999123129106461792471500000000000000000000000000000000000040100220000000000000000000000  1  1  1                                         201711110910GANPSG
0700348001201710039999123187000130000000000000000000000000000000000000000000100220000000000000000000000000  1  1                                            201801170754GANPSG
0700818001201712019999123111403885970000000000000000000000000000000000000000100220000000000000000000000000  1  1                                            201912040727SUPERVISOR
0700819001201712019999123121818781820000000000000000000000000000000000000000100220000000000000000000000000  1  1                                            201912040727SUPERVISOR
0700820001201712019999123114950850500000000000000000000000000000000000000000100220000000000000000000000000  1  1                                            201912040727SUPERVISOR
0702659001201806209999123186170138300000000000000000000000000000000000000000040100000000000000000000000000  1  1                                            202308160711GANPSG
0702661001201806209999123175000250000000000000000000000000000000000000000000040100000000000000000000000000  1  1                                            201901300730GANPSG
0703071001201808219999123154054324321351400000000000000000000000000000000000040100220000000000000000000000  1  1  1                                         202102100730SUPERVISOR
0703090001201808239999123178200218000000000000000000000000000000000000000000100220000000000000000000000000  1  1                                            202502060813GANPSG
0703092001201808239999123178200218000000000000000000000000000000000000000000100220000000000000000000000000  1  1                                            202502060813GANPSG
0703093001201808239999123107833830280913900000000000000000000000000000000000040100220000000000000000000000  1  1  1                                         201901160734GANPSG
0703097001201808239999123105846746341952000000000000000000000000000000000000040100220000000000000000000000  1  1  1                                         202102100730SUPERVISOR
0703101001201808239999123111705471234117200000000000000000000000000000000000040100220000000000000000000000  1  1  1                                         202002260755SUPERVISOR
0703139001201808289999123163063369370000000000000000000000000000000000000000100220000000000000000000000000  1  1                                            202309211227GANPSG
0703139002201903159999123163890361100000000000000000000000000000000000000000100220000000000000000000000000  1  1                                            202009300726GANPSG
0703267001201809079999123112319803310735000000000000000000000000000000000000040100220000000000000000000000  1  1  1                                         202502060813GANPSG
0703278001201809079999123119490555602495000000000000000000000000000000000000040100220000000000000000000000  1  1  1                                         202108180733GANPSG
0703280001201809079999123153691134223288700000000000000000000000000000000000040100220000000000000000000000  1  1  1                                         201901090802GANPSG
0703281001201809089999123130100699000000000000000000000000000000000000000000100220000000000000000000000000  1  1                                            201901090802GANPSG
0703282001201809079999123120652303264902200000000000000000000000000000000000040100220000000000000000000000  1  1  1                                         201909250732GANPSG
0703283001201809079999123119455544262611900000000000000000000000000000000000040100220000000000000000000000  1  1  1                                         201901230802GANPSG
0703319001201809149999123136000380002600000000000000000000000000000000000000040100220000000000000000000000  1  1  1                                         201812050815GANPSG
0703320001201809149999123139000360002500000000000000000000000000000000000000040100220000000000000000000000  1  1  1                                         201910260902GANPSG
0703321001201809149999123186000140000000000000000000000000000000000000000000100220000000000000000000000000  1  1                                            202502060813GANPSG
0704514001201901289999123175000250000000000000000000000000000000000000000000100220000000000000000000000000  1  1                                            202205180724GANPSG
0704516001201901289999123185750142500000000000000000000000000000000000000000100220000000000000000000000000  1  1                                            202205180724GANPSG
0704969001201903159999123157241427590000000000000000000000000000000000000000040100000000000000000000000000  1  1                                            202309060831GANPSG
0706172001201908079999123186960130400000000000000000000000000000000000000000100220000000000000000000000000  1  1                                            202502080811GANPSG
0706249001201908149999123133560134205302000000000000000000000000000000000000040100220000000000000000000000  1  1  1                                         202002260755SUPERVISOR
0706250001201908149999123155276447240000000000000000000000000000000000000000100220000000000000000000000000  1  1                                            202301250826GANPSG
0706286001201908229999123122355512022644300000000000000000000000000000000000040100220000000000000000000000  1  1  1                                         202502060813GANPSG
0706287001201908229999123181737182630000000000000000000000000000000000000000100220000000000000000000000000  1  1                                            202502060813GANPSG
0706287002202009109999123181737182630000000000000000000000000000000000000000100220000000000000000000000000  1  1                                            202502060813GANPSG
0706368001201909039999123117960520403000000000000000000000000000000000000000040100220000000000000000000000  1  1  1                                         202112290737GANPSG
0706524001201909169999123114300857000000000000000000000000000000000000000000220100000000000000000000000000  1  1                                            202305170730GANPSG
0706581001201909189999123181000190000000000000000000000000000000000000000000100220000000000000000000000000  1  1                                            201910260902GANPSG
0706631001201909209999123147391292562335300000000000000000000000000000000000040100220000000000000000000000  1  1  1                                         202011070824SUPERVISOR
0706632001201909209999123112789396684754300000000000000000000000000000000000040100220000000000000000000000  1  1  1                                         202002260755SUPERVISOR
0706637001201909209999123163060369400000000000000000000000000000000000000000100220000000000000000000000000  1  1                                            202106230812SUPERVISOR
0706754001201909279999123161000390000000000000000000000000000000000000000000100220000000000000000000000000  1  1                                            202002260755SUPERVISOR
0707161001201911279999123111100889000000000000000000000000000000000000000000220100000000000000000000000000  1  1                                            202007080837GANPSG
0707165001201911279999123112200878000000000000000000000000000000000000000000220100000000000000000000000000  1  1                                            202305170730GANPSG
0707167001201911279999123119700803000000000000000000000000000000000000000000220100000000000000000000000000  1  1                                            201912040727SUPERVISOR
0707453001202001179999123187000130000000000000000000000000000000000000000000100220000000000000000000000000  1  1                                            202006100730SUPERVISOR
0709060001202007029999123145520544800000000000000000000000000000000000000000100220000000000000000000000000  1  1                                            202311040818GANPSG
0712732001202007249999123112309876910000000000000000000000000000000000000000220100000000000000000000000000  1  1                                            202502080811GANPSG
0713359001202009109999123112688641072320500000000000000000000000000000000000040100220000000000000000000000  1  1  1                                         202502060813GANPSG
0713385001202009119999123140617593830000000000000000000000000000000000000000100220000000000000000000000000  1  1                                            202301250826GANPSG
0713387001202009119999123127027270274594600000000000000000000000000000000000040100220000000000000000000000  1  1  1                                         202502060813GANPSG
0713395001202009119999123177702222980000000000000000000000000000000000000000040220000000000000000000000000  1  1                                            202309211227GANPSG
0718157001202108099999123176942230580000000000000000000000000000000000000000100220000000000000000000000000  1  1                                            202502060813GANPSG
0718201001202108239999123195389046110000000000000000000000000000000000000000100220000000000000000000000000  1  1                                            202112290737GANPSG
0718202001202108129999123110403725151708200000000000000000000000000000000000040100220000000000000000000000  1  1  1                                         202502060813GANPSG
0718215001202108139999123116904639161918000000000000000000000000000000000000040100220000000000000000000000  1  1  1                                         202502060813GANPSG
0718265001202108189999123124303435853211200000000000000000000000000000000000040100220000000000000000000000  1  1  1                                         202502060813GANPSG
0718266001202108189999123120440499902957000000000000000000000000000000000000040100220000000000000000000000  1  1  1                                         202301250826GANPSG
0718267001202108189999123117194517363107000000000000000000000000000000000000040100220000000000000000000000  1  1  1                                         202502060813GANPSG
0718299001202108239999123146853531470000000000000000000000000000000000000000100220000000000000000000000000  1  1                                            202111030828GANPSG
0718301001202108239999123152000346671333300000000000000000000000000000000000040100220000000000000000000000  1  1  1                                         202111130815GANPSG
0718304001202108249999123147368210533157900000000000000000000000000000000000040100220000000000000000000000  1  1  1                                         202111030828GANPSG
0718305001202108249999123178947210530000000000000000000000000000000000000000100220000000000000000000000000  1  1                                            202111030828GANPSG
0718316001202108259999123185000150000000000000000000000000000000000000000000100220000000000000000000000000  1  1                                            202112290737GANPSG
0718317001202108259999123137000400002300000000000000000000000000000000000000040100220000000000000000000000  1  1  1                                         202112290737GANPSG
0718336001202108269999123157426318141076000000000000000000000000000000000000040100220000000000000000000000  1  1  1                                         202502060813GANPSG
0718366001202108269999123136981535160950300000000000000000000000000000000000040100220000000000000000000000  1  1  1                                         202502060813GANPSG
0718827001202308299999123174820251800000000000000000000000000000000000000000100220000000000000000000000000  1  1                                            202502060813GANPSG
0718829001202109219999123187070129300000000000000000000000000000000000000000040100000000000000000000000000  1  1                                            202309060831GANPSG
0718846001202308299999123174820251800000000000000000000000000000000000000000100220000000000000000000000000  1  1                                            202502060813GANPSG
0719586001202106169999123122670556672166300000000000000000000000000000000000040100220000000000000000000000  1  1  1                                         202301250826GANPSG
0719754001202112139999123179400206000000000000000000000000000000000000000000100220000000000000000000000000  1  1                                            202201190735GANPSG
0720079001202201209999123185090149100000000000000000000000000000000000000000100220000000000000000000000000  1  1                                            202205180724GANPSG
0720931001202203039999123146160538400000000000000000000000000000000000000000100040000000000000000000000000  1  1                                            202310110809GANPSG
0720931002202203039999123132200678000000000000000000000000000000000000000000100040000000000000000000000000  1  1                                            202310110809GANPSG
0722818001202208239999123140000600000000000000000000000000000000000000000000040100000000000000000000000000  1  1                                            202407170816GANPSG
0722899001202208089999123123256472872945700000000000000000000000000000000000040100220000000000000000000000  1  1  1                                         202301250826GANPSG
0722900001202208099999123177629223710000000000000000000000000000000000000000100220000000000000000000000000  1  1                                            202301250826GANPSG
0722900002202208089999123177629223710000000000000000000000000000000000000000100220000000000000000000000000  1  1                                            202301250826GANPSG
0722903001202208089999123174862251380000000000000000000000000000000000000000100220000000000000000000000000  1  1                                            202502060813GANPSG
0722904001202208089999123109690727751753500000000000000000000000000000000000040100220000000000000000000000  1  1  1                                         202301250826GANPSG
0722955001202208169999123104657868360850700000000000000000000000000000000000040100220000000000000000000000  1  1  1                                         202301250826GANPSG
0723025001202208239999123182022179780000000000000000000000000000000000000000100220000000000000000000000000  1  1                                            202502060813GANPSG
0723025002202208239999123182022179780000000000000000000000000000000000000000100220000000000000000000000000  1  1                                            202502060813GANPSG
0723027001202208239999123180500195000000000000000000000000000000000000000000100220000000000000000000000000  1  1                                            202210210807GANPSG
0723174001202209059999123140088323002761200000000000000000000000000000000000040100220000000000000000000000  1  1  1                                         202502060813GANPSG
0723180001202209059999123123044656661129000000000000000000000000000000000000040100220000000000000000000000  1  1  1                                         202502060813GANPSG
0723444001202308299999123174432255680000000000000000000000000000000000000000100220000000000000000000000000  1  1                                            202402070817GANPSG
0725163001202301189999123172142278580000000000000000000000000000000000000000100220000000000000000000000000  1  1                                            202503260809GANPSG
0728151001202307179999123187850121500000000000000000000000000000000000000000040100000000000000000000000000  1  1                                            202503190759GANPSG
0728177001202307189999123187130128700000000000000000000000000000000000000000040100000000000000000000000000  1  1                                            202410160708GANPSG
0728179001202307189999123163640363600000000000000000000000000000000000000000040220000000000000000000000000  1  1                                            202501250813GANPSG
0728183001202307189999123187860121400000000000000000000000000000000000000000040100000000000000000000000000  1  1                                            202501250813GANPSG
0728184001202307189999123154240457600000000000000000000000000000000000000000040100000000000000000000000000  1  1                                            202501250813GANPSG
0728186001202307189999123191230087700000000000000000000000000000000000000000040100000000000000000000000000  1  1                                            202501250813GANPSG
0728662001202308249999123113221581362864300000000000000000000000000000000000040100220000000000000000000000  1  1  1                                         202502060813GANPSG
0728666001202308249999123129807541881600500000000000000000000000000000000000040100220000000000000000000000  1  1  1                                         202502060813GANPSG
0728673001202308249999123136933549520811500000000000000000000000000000000000040100220000000000000000000000  1  1  1                                         202502060813GANPSG
0728675001202308259999123115075703521457300000000000000000000000000000000000040100220000000000000000000000  1  1  1                                         202502060813GANPSG
0728676001202308259999123110811729731621600000000000000000000000000000000000040100220000000000000000000000  1  1  1                                         202502060813GANPSG
0728689001202308259999123181111188890000000000000000000000000000000000000000100220000000000000000000000000  1  1                                            202502060813GANPSG
0728689002202409079999123181111188890000000000000000000000000000000000000000100220000000000000000000000000  1  1                                            202502060813GANPSG
0728727001202308309999123121528585651990700000000000000000000000000000000000040100220000000000000000000000  1  1  1                                         202502060813GANPSG
0728731001202308299999123154650272431810700000000000000000000000000000000000040100220000000000000000000000  1  1  1                                         202402070817GANPSG
0728930001202309099999123155810441900000000000000000000000000000000000000000100220000000000000000000000000  1  1                                            202502060813GANPSG
0728930002202409109999123155810441900000000000000000000000000000000000000000100220000000000000000000000000  1  1                                            202502060813GANPSG
0731007001202311309999123107800922000000000000000000000000000000000000000000220100000000000000000000000000  1  1                                            202412040823GANPSG
0731008001202311309999123109300907000000000000000000000000000000000000000000220100000000000000000000000000  1  1                                            202412110811GANPSG
0731123001202312299999123179236207640000000000000000000000000000000000000000100220000000000000000000000000  1  1                                            202503210801GANPSG
0731202001202401129999123155550444500000000000000000000000000000000000000000100220000000000000000000000000  1  1                                            202502260813GANPSG
0734139001202408239999123133000330003400000000000000000000000000000000000000040100220000000000000000000000  1  1  1                                         202502060813GANPSG
0734208001202408299999123116722568562642200000000000000000000000000000000000040100220000000000000000000000  1  1  1                                         202502060813GANPSG
0734355001202409129999123179380206200000000000000000000000000000000000000000100220000000000000000000000000  1  1                                            202502060813GANPSG
0734360001202409139999123115633600872428000000000000000000000000000000000000040100220000000000000000000000  1  1  1                                         202502060813GANPSG
0735151001202411059999123174020259800000000000000000000000000000000000000000040220000000000000000000000000  1  1                                            202502120805GANPSG
0735264001202411229999123108600914000000000000000000000000000000000000000000220100000000000000000000000000  1  1                                            202412270805GANPSG
5662551001202407109999123117230827700000000000000000000000000000000000000000220100000000000000000000000000  1  1                                            202502010811GANPSG
5664118001202410049999123173685263150000000000000000000000000000000000000000220000000000000000000000000000  1  2                        CO3A                202410300819GANPSG
