13A5841720250318002036
28052080606995000010000000000
28032764151812000020000000000
28032764151805000035000000000
28032764151829000040000000000
28032636035653000150000000000
28032764151836000067400000000
28033609906260000072000000000
28032636039408000180000000000
28033609906277000010000000000
28052080606940000020000000000
28032764151713000035000000000
28032764151720000040000000000
28032764151706000150000000000
28005525036673000067400000000
28005525009615000072000000000
28005525009653000180000000000
28005525009660000010000000000
28005525033474000020000000000
28005525009622000035000000000
28005525033016000040000000000
28005525033498000150000000000
28005525035553000067400000000
28005525036710000072000000000
28005525036697000180000000000
28005525009646000010000000000
28005525033023000020000000000
28005525033030000035000000000
28003095003507000040000000000
28007965013443000150000000000
28020263001806000067400000000
28002760000445000072000000000
28008203804960000180000000000
28424115002995000010000000000
28007281610920000020000000000
28059020960131000035000000000
28033406030205000040000000000
28003170071018000150000000000
25600380897402000067400000000
29788881379620000072000000000
28003170071001000180000000000
28001720448440000010000000000
28001720448433000020000000000
28008240370800000035000000000
28000877831617000040000000000
28021581080450000150000000000
28021581080504000067400000000
28021581080405000072000000000
28000877010821000180000000000
28000877832744000010000000000
28000877832652000020000000000
2G - 232323232000035000000000
28000877821809000040000000000
23175681265103000150000000000
28001440131301000067400000000
28052190680618000072000000000
23175681261099000180000000000
23607346524527000010000000000
28008703001845000020000000000
23600542520348000035000000000
23600542520799000040000000000
23600542448239000150000000000
23600542448581000067400000000
23600542397759000072000000000
23600542402231000180000000000
23600541945401000010000000000
23600542448567000020000000000
23600542036900000035000000000
28003170063365000040000000000
28002990179089000150000000000
28019219147620000067400000000
28019219143097000072000000000
28019219144117000180000000000
28019219143790000010000000000
28019219142427000020000000000
28019219142632000035000000000
28019219142366000040000000000
28019219143776000150000000000
28019219142885000067400000000
28001234867980000072000000000
28019219142946000180000000000
28019219142120000010000000000
28019219148320000020000000000
28019219148276000035000000000
28019219148092000040000000000
28019219148009000150000000000
28019219147774000067400000000
28019219149334000072000000000
28001234912499000180000000000
28001234860516000010000000000
28001234860523000020000000000
28001234866068000035000000000
28001234866914000040000000000
28001234862350000150000000000
28001234474591000067400000000
28001234867645000072000000000
28001234863371000180000000000
28001234867621000010000000000
28001234863074000020000000000
28001234865023000035000000000
28001234865399000040000000000
28001234918552000150000000000
28019219148429000067400000000
28001234865672000072000000000
28019219139212000180000000000
28019219142588000010000000000
28019219143769000020000000000
28019219142205000035000000000
28006664041153000040000000000
28019219153836000150000000000
28019219142397000067400000000
28006664041276000072000000000
28001234862558000180000000000
28019219153676000010000000000
28019219153782000020000000000
28019219148153000035000000000
28019219153935000040000000000
28019219153898000150000000000
28019219153652000067400000000
28019219153829000072000000000
28019219153737000180000000000
28019219141505000010000000000
28019219139113000020000000000
28019219142298000035000000000
28019219147880000040000000000
28019219160018000150000000000
28019219160025000067400000000
28019219147781000072000000000
28019219147804000180000000000
28019219147934000010000000000
28019219147484000020000000000
28019219148894000035000000000
28019219148108000040000000000
28019219147798000150000000000
28019219147408000067400000000
28019219147460000072000000000
28019219147576000180000000000
28019219142182000010000000000
28019219159210000020000000000
28019219142014000035000000000
28019219149112000040000000000
28006664044482000150000000000
28019219147453000067400000000
28019219153911000072000000000
28019219159128000180000000000
28019219154093000010000000000
28019219154000000020000000000
28019219153997000035000000000
28019219153706000040000000000
28019219153799000150000000000
28019219153669000067400000000
28019219154079000072000000000
28001234865726000180000000000
28001234865719000180000000000
28001234861001000010000000000
28001234861278000020000000000
28001234866082000035000000000
28001234866075000040000000000
28006664046998000150000000000
28019219153959000067400000000
2 800123174071000072000000000
28019219154017000180000000000
28001234909932000010000000000
28001234913533000020000000000
28001234459796000035000000000
28019219153805000040000000000
28001234910952000150000000000
28001234911492000067400000000
28019219149143000072000000000
28019219142021000180000000000
28001234861681000010000000000
28019219097222000020000000000
23600542523028000035000000000
23600542512985000040000000000
23600542512909000150000000000
23600542522922000067400000000
23600542520447000072000000000
23600542520232000180000000000
23600542573726000010000000000
23600542573801000020000000000
23600542572637000035000000000
23600542572736000040000000000
23600542547024000150000000000
23600542547000000067400000000
28002910022846000072000000000
28002910025458000180000000000
28002910030056000010000000000
28002910047788000020000000000
28002910064075000035000000000
28002910064051000040000000000
28002910034474000150000000000
23059943009080000067400000000
28002910029890000072000000000
28002910029791000180000000000
28002910029326000010000000000
23059943009066000020000000000
28002910029913000035000000000
28002910022501000040000000000
28002910047641000150000000000
28058664129737000067400000000
24008177024733000072000000000
28058664057399000180000000000
28058664129751000010000000000
28058664129744000020000000000
28058664129768000035000000000
28016565042579000040000000000
28056777622350000150000000000
28056777622114000067400000000
28056777622268000072000000000
28056777622381000180000000000
28056777622145000010000000000
28056777622299000020000000000
28056777622411000035000000000
28056777622329000040000000000
28056777622442000150000000000
28056777622206000067400000000
28005989101894000072000000000
28001234862718000180000000000
28015831155876000010000000000
28016565030309000020000000000
28016565027941000035000000000
28016565027989000040000000000
28016565042586000150000000000
25020144812128000067400000000
25020144812135000072000000000
28016565025039000180000000000
28016565025046000010000000000
28003170035720000020000000000
28003170035751000035000000000
28003170094994000040000000000
28003170095007000150000000000
28003170095014000067400000000
28003170095021000072000000000
28003170035690000180000000000
28003170035676000010000000000
28003170035669000020000000000
28003170035805000035000000000
28003170035775000040000000000
28003170035812000150000000000
28003170035829000067400000000
28003170035799000072000000000
28003170035782000180000000000
28016565028252000010000000000
28003170095038000020000000000
28003170095045000035000000000
28003170095052000040000000000
28003170095069000150000000000
28003170095076000067400000000
28003170095083000072000000000
28003170095090000180000000000
28003170095106000010000000000
28003170083721000020000000000
28003170083691000035000000000
28003170083738000040000000000
28003170083660000150000000000
28003170083684000067400000000
28003170083646000072000000000
28003170083707000180000000000
28003170083714000010000000000
28003170083271000020000000000
28003170083288000035000000000
28003170096868000040000000000
28003170096844000150000000000
28003170083332000067400000000
28003170083325000072000000000
28003170083349000180000000000
28003170083561000010000000000
28003170083264000020000000000
28003170083257000035000000000
28003170083592000040000000000
28003170083608000150000000000
28003170083585000067400000000
28003170083578000072000000000
28003170096851000180000000000
28003170094062000010000000000
28003170096813000020000000000
28003170096837000035000000000
28003170096820000040000000000
28003170096806000150000000000
28003170035850000067400000000
28003170035867000072000000000
24008177183539000180000000000
24008177080333000010000000000
24008177188633000020000000000
24008177188541000035000000000
24008177188558000040000000000
24008177188718000150000000000
24008177188725000067400000000
24008177188572000072000000000
24008177188589000180000000000
24008177179150000010000000000
24008177189272000020000000000
24008177075049000035000000000
24008177024689000040000000000
24008177123375000150000000000
24008177024603000067400000000
28410921053672000072000000000
28410921053504000180000000000
24008177183089000010000000000
24008177054600000020000000000
28016565041718000035000000000
28016565038091000040000000000
28016565038985000150000000000
28016565028153000067400000000
28016565028191000072000000000
28016565028146000180000000000
28016565028184000010000000000
28016565029518000020000000000
28016565029525000035000000000
28016565028177000040000000000
28016565028214000150000000000
28016565029532000067400000000
28016565029549000072000000000
28016565028160000180000000000
28016565028207000010000000000
28016565047390000020000000000
28003170035638000035000000000
28003170035621000040000000000
28003170035614000150000000000
28003170035591000067400000000
28003170035584000072000000000
28003170035577000180000000000
28003170035713000010000000000
25020144812845000020000000000
25020144812883000035000000000
25020144812531000040000000000
28016565034857000150000000000
25020144812593000067400000000
28016565034840000072000000000
28016565034833000180000000000
28003170035652000010000000000
28003170075665000020000000000
28003170075672000035000000000
28003170035744000040000000000
28003170035737000150000000000
28003170035874000067400000000
28003170035881000072000000000
25020144812517000180000000000
25020144812548000010000000000
28003170090262000020000000000
28003170090255000035000000000
28030795023146000040000000000
28030795023153000150000000000
28030795275774000067400000000
28030795023221000072000000000
28030795275668000180000000000
28030795023238000010000000000
28030795275675000020000000000
28030795023245000035000000000
28030795275866000040000000000
28030795275873000150000000000
28030795023252000067400000000
28030795275569000072000000000
28030795023191000180000000000
28030795023214000010000000000
28030795275576000020000000000
28030795080354000035000000000
28030795080231000040000000000
28030795309370000150000000000
28030795084772000067400000000
28030795084796000072000000000
28030795084017000180000000000
28030795084697000010000000000
28030795309462000020000000000
28030795309479000035000000000
28030795101318000040000000000
28030795101394000150000000000
28030795101424000067400000000
28030795101417000072000000000
28003170027077000180000000000
28003170033528000010000000000
28003170027060000020000000000
28003170033535000035000000000
28003170027053000040000000000
28030795796576000150000000000
28030795796583000067400000000
28030795796668000072000000000
28030795796675000180000000000
28030795796682000010000000000
28030795796767000020000000000
28030795796774000035000000000
28030795796781000040000000000
28030795796866000150000000000
28030795796873000067400000000
28030795796880000072000000000
28030795799805000180000000000
28030795799867000010000000000
28030795800150000020000000000
28030795800167000035000000000
28030795800051000040000000000
28030795800068000150000000000
28030795799959000067400000000
28030795799966000072000000000
28003170092907000180000000000
28003170092877000010000000000
28003170092884000020000000000
28003170092938000035000000000
28003170092891000040000000000
28003170092945000150000000000
28003170092921000067400000000
28003170092914000072000000000
28003170090286000180000000000
28003170090293000010000000000
28003170097384000020000000000
28003170097407000035000000000
28003170097414000040000000000
28003170100459000150000000000
28058664050185000067400000000
28058664050178000072000000000
28058664050314000180000000000
28058664049554000010000000000
28058664049615000020000000000
28058664049660000035000000000
28058664050277000040000000000
28030795115254000150000000000
28030795959568000067400000000
28058664049288000072000000000
28058664049240000180000000000
28058664049233000010000000000
28033604183963000020000000000
28058664049479000035000000000
28058664049783000040000000000
28058664049790000150000000000
28058664050291000067400000000
28058664049530000072000000000
28058664057405000180000000000
28058664049318000010000000000
28058664050246000020000000000
28058664050192000035000000000
28058664050307000040000000000
28058664049899000150000000000
28058664049462000067400000000
28058664050345000072000000000
28058664049684000180000000000
28058664049707000010000000000
28058664049691000020000000000
28058664049776000035000000000
28058664049851000040000000000
28058664049837000150000000000
28058664050116000067400000000
28058664049844000072000000000
28058664050260000180000000000
28030795957151000010000000000
28056777025182000020000000000
28056777025212000035000000000
28056777025229000040000000000
28056777025687000150000000000
28056777025809000067400000000
28056777025359000072000000000
28056777025380000180000000000
28056777025410000010000000000
28056777025441000020000000000
28030795124027000035000000000
28030795124041000040000000000
28030795124034000150000000000
28030795129961000067400000000
28030795105194000072000000000
28034112847422000180000000000
28034112847392000010000000000
28034112847361000020000000000
28034112847484000035000000000
28034112847514000040000000000
28034112847453000150000000000
28034112846913000067400000000
28034112846975000072000000000
28030795123990000180000000000
28030795123983000010000000000
28030795124010000020000000000
28030795110112000035000000000
28030795110129000040000000000
28030795110150000150000000000
28030795123976000067400000000
28030795123969000072000000000
28030795123952000180000000000
28030795159364000010000000000
28030795159371000020000000000
28030795159173000035000000000
28030795159463000040000000000
28030795159470000150000000000
28030795159265000067400000000
28030795159272000072000000000
28030795106047000180000000000
28030795106092000010000000000
28030795106085000020000000000
28030795106078000035000000000
28030795125154000040000000000
28030795125185000150000000000
28056777055264000067400000000
28056777055288000072000000000
28056777055295000180000000000
28056777055271000010000000000
28056777066413000020000000000
28056777055318000035000000000
28056777017064000040000000000
28056777017071000150000000000
28056777017088000067400000000
28056777017095000072000000000
28056777017101000180000000000
28300081813608000010000000000
28300081813585000020000000000
28300081813592000035000000000
28300081813615000040000000000
28300081815558000150000000000
28300081815565000067400000000
28056777014636000072000000000
28056777014643000180000000000
28056777014650000010000000000
28056777014667000020000000000
28056777014674000035000000000
28030795110075000040000000000
28030795110082000150000000000
28030795110099000067400000000
28056777015039000072000000000
28056777015046000180000000000
28056777015763000010000000000
28056777015770000020000000000
28056777015787000035000000000
28056777015053000040000000000
28056777015060000150000000000
28056777015077000067400000000
28034112968691000072000000000
28034112968721000180000000000
28034112787957000010000000000
28034112685017000020000000000
28034112685024000035000000000
28034112685031000040000000000
28300122859244000150000000000
28300122859251000067400000000
28300122859268000072000000000
28300122859275000180000000000
28300122859213000010000000000
28300122859220000020000000000
28300122859237000035000000000
28056777016159000040000000000
28056777016166000150000000000
28056777016173000067400000000
28056777016180000072000000000
28056777016197000180000000000
28056777025267000010000000000
28056777025298000020000000000
28056777025328000035000000000
28056777025922000040000000000
28056777026042000150000000000
28056777025472000067400000000
28056777025502000072000000000
28056777025533000180000000000
28056777025564000010000000000
28058664084005000020000000000
28058664083831000035000000000
28058664098309000040000000000
28058664098316000150000000000
28058664098408000067400000000
28058664081783000072000000000
28030795951807000180000000000
28030795951814000010000000000
28030795951760000020000000000
28030795951777000035000000000
28030795951784000040000000000
28030795951685000150000000000
28030795951746000067400000000
28030795951753000072000000000
28030795085021000180000000000
28030795084994000010000000000
28030795085014000020000000000
28030795085052000035000000000
28030795085038000040000000000
28030795085045000150000000000
28030795084963000067400000000
28030795084970000072000000000
28030795982443000180000000000
28030795982436000010000000000
28030795982450000020000000000
28030795982474000035000000000
28030795982467000040000000000
28030795982481000150000000000
28030795982412000067400000000
28030795982429000072000000000
28030795057097000180000000000
28030795057110000010000000000
28030795057127000020000000000
28030795057066000035000000000
28030795057080000040000000000
28030795033145000150000000000
28030795057042000067400000000
28030795057059000072000000000
28056777183790000180000000000
28056777171698000010000000000
28056777171704000020000000000
28056777183806000035000000000
28056777171711000040000000000
28056777171728000150000000000
28000877823506000067400000000
28000877823490000072000000000
28058664083824000180000000000
28058664083862000010000000000
28058664086306000020000000000
28056777206291000035000000000
28056777206307000040000000000
28056777206314000150000000000
28056777183752000067400000000
28056777171674000072000000000
28056777171599000180000000000
28056777171681000010000000000
28056777183769000020000000000
28056777171605000035000000000
28056777206451000040000000000
28056777206468000150000000000
28056777206475000067400000000
28056777206482000072000000000
28056777206499000180000000000
28056777206505000010000000000
28058664083787000020000000000
28058664083749000035000000000
28058664083954000040000000000
28058664083886000150000000000
28058664083817000067400000000
28058664083985000072000000000
28056777143381000180000000000
28056777143398000010000000000
28056777143404000020000000000
28056777143411000035000000000
28056777143428000040000000000
28056777143435000150000000000
28056777143442000067400000000
28056777143459000072000000000
28056777143466000180000000000
28058664083930000010000000000
28058664083916000020000000000
28056777183776000035000000000
28056777171629000040000000000
28056777171636000150000000000
28056777183783000067400000000
28056777171643000072000000000
28056777171650000180000000000
28056777034733000010000000000
28056777034764000020000000000
28056777034795000035000000000
28056777034825000040000000000
28056777034856000150000000000
28056777034887000067400000000
28058664049677000072000000000
28058664049622000180000000000
28058664049646000010000000000
28058664049592000020000000000
28058664049608000035000000000
28056777304034000040000000000
28058664089413000150000000000
28058664089420000067400000000
28058664089437000072000000000
28058664096145000180000000000
28300038044086000010000000000
28034112823235000020000000000
28034112823211000035000000000
28034112823259000040000000000
28034112823242000150000000000
28300038044079000067400000000
28058664096152000072000000000
28056777056520000180000000000
28058664089352000010000000000
28058664089345000020000000000
28002326905832000035000000000
28056777304102000040000000000
28056777304096000150000000000
28030795079822000067400000000
28056777304010000072000000000
28056777304027000180000000000
28058664096084000010000000000
28058664096091000020000000000
28058664096077000035000000000
28058664098354000040000000000
28058664098330000150000000000
28058664098446000067400000000
28058664098361000072000000000
28058664098347000180000000000
28058664096060000010000000000
28058664096138000020000000000
28058664098392000035000000000
28058664098453000040000000000
28058664096121000150000000000
28058664098439000067400000000
28058664096114000072000000000
28058664098385000180000000000
28058664096107000010000000000
28058664098378000020000000000
28056777418403000035000000000
28056777418434000040000000000
28056777418465000150000000000
28056777419066000067400000000
28056777419097000072000000000
28056777419127000180000000000
28056777419158000010000000000
28056777419189000020000000000
28056777430061000035000000000
28056777430092000040000000000
28056777430306000150000000000
28056777430337000067400000000
28056777430245000072000000000
28056777430214000180000000000
28056777430276000010000000000
28056777419875000020000000000
28056777419905000035000000000
28056777419967000040000000000
28056777419998000150000000000
28056777420024000067400000000
28056777523329000072000000000
28056777523350000180000000000
28056777523299000010000000000
28056777410698000020000000000
28056777410728000035000000000
28056777410759000040000000000
28056777418700000150000000000
28056777418731000067400000000
28056777418762000072000000000
28056777418793000180000000000
28056777418823000010000000000
28056777419424000020000000000
28056777419455000035000000000
28056777419486000040000000000
28056777419516000150000000000
28056777419547000067400000000
28056777400019000072000000000
28056777399986000180000000000
28056777416904000010000000000
28056777416874000020000000000
28056777416935000035000000000
28056777416966000040000000000
28056777416997000150000000000
28056777416782000067400000000
28056777416812000072000000000
28056777416751000180000000000
28056777416720000010000000000
28056777417208000020000000000
28056777417239000035000000000
28056777417260000040000000000
28056777417291000150000000000
28076809569323000067400000000
28300805950688000072000000000