13A5841720250318002036
28052080606995000010000000000
28032764151812000020000000000
28032764151805000035000000000
28032764151829000040000000000
28032636035653000150000000000
28032764151836000067400000000
28033609906260000072000000000
28032636039408000180000000000
28033609906277000010000000000
28052080606940000020000000000
28032764151713000035000000000
28032764151720000040000000000
28032764151706000150000000000
28005525036673000067400000000
28005525009615000072000000000
28005525009653000180000000000
28005525009660000010000000000
28005525033474000020000000000
28005525009622000035000000000
28005525033016000040000000000
28005525033498000150000000000
28005525035553000067400000000
28005525036710000072000000000
28005525036697000180000000000
28005525009646000010000000000
28005525033023000020000000000
28005525033030000035000000000
28003095003507000040000000000
28007965013443000150000000000
28020263001806000067400000000
28002760000445000072000000000
28008203804960000180000000000
28424115002995000010000000000
28007281610920000020000000000
28059020960131000035000000000
28033406030205000040000000000
28003921071236000150000000000
28003921075371000067400000000
28003921075364000072000000000
28003921075388000180000000000
28003921075357000010000000000
28003170071018000020000000000
25600380897402000035000000000
29788881379620000040000000000
28003170071001000150000000000
28050539493714000067400000000
28003921071328000072000000000
28058773899064000180000000000
28001234865634000010000000000
28001234865641000020000000000
28001720448440000035000000000
28001720448433000040000000000
28008240370800000150000000000
28000877831617000067400000000
28050539496999000072000000000
28021581080450000180000000000
28021581080504000010000000000
28021581080405000020000000000
28003921072240000035000000000
28003921074138000040000000000
28003921071182000150000000000
28003921072608000067400000000
28000877010821000072000000000
28000877832744000180000000000
28000877832652000010000000000
28001449080723000020000000000
28003921071335000035000000000
28003921277638000040000000000
2G - 232323232000150000000000
28000877821809000067400000000
23175681265103000072000000000
28050539492830000180000000000
28050539490355000010000000000
28001440131301000020000000000
28052190680618000035000000000
28003921071311000040000000000
28058773891372000150000000000
28003921072639000067400000000
23175681261099000072000000000
23607346524527000180000000000
28008703001845000010000000000
28023289832102000020000000000
28059692100088000035000000000
28033183843111000040000000000
23253923904338000150000000000
28003921071304000067400000000
28003921071298000072000000000
28003921770894000180000000000
28003921072592000010000000000
28003921071281000020000000000
28050539496944000035000000000
28050539496951000040000000000
28050539496975000150000000000
28003921071168000067400000000
28003921071151000072000000000
28050539497002000180000000000
28050539492809000010000000000
28003921072585000020000000000
28056777365110000035000000000
23600542520348000040000000000
23600542520799000150000000000
23600542448239000067400000000
23600542448581000072000000000
23600542397759000180000000000
23600542402231000010000000000
23600541945401000020000000000
23600542448567000035000000000
23600542036900000040000000000
28003170063365000150000000000
28002990179089000067400000000
28019219147620000072000000000
28019219148283000180000000000
28019219148146000010000000000
28019219148115000020000000000
28019219143097000035000000000
28019219144117000040000000000
28019219143790000150000000000
28019219142427000067400000000
28019219142632000072000000000
28019219142366000180000000000
28019219143776000010000000000
28019219142885000020000000000
28005138513127000035000000000
28001234867980000040000000000
28019219142946000150000000000
28019219142120000067400000000
28019219148078000072000000000
28001234336189000180000000000
28001234865900000010000000000
28001234865863000020000000000
28001234922795000035000000000
28001234922764000040000000000
28001234922269000150000000000
28001234916794000067400000000
28001234210335000072000000000
28019219148320000180000000000
28019219148276000010000000000
28019219148092000020000000000
28019219147873000035000000000
28019219148009000040000000000
28019219147897000150000000000
28019219147774000067400000000
28019219149334000072000000000
28019219149303000180000000000
28019219149136000010000000000
28019219147477000020000000000
28001234860691000035000000000
28001234860707000040000000000
28001234913694000150000000000
28001234862626000067400000000
28001234864217000072000000000
28001234860776000180000000000
28001234912499000180000000000
28001234189174000010000000000
28001234868345000020000000000
28001234472771000035000000000
28001234914172000040000000000
28001234860516000150000000000
28001234860523000067400000000
28001234865986000072000000000
28001234860943000180000000000
28001234866068000010000000000
28001234866914000020000000000
28001234862350000035000000000
28001234866921000040000000000
28001234474591000150000000000
28001234867645000067400000000
28001234863371000072000000000
28001234863326000180000000000
28001234867621000010000000000
28001234863470000020000000000
28001234863074000035000000000
28001234863111000040000000000
28001234865023000150000000000
28001234865399000067400000000
28001234918552000072000000000
28001234865351000180000000000
28019219147828000010000000000
28001234860219000020000000000
28001234912062000035000000000
28001234861377000040000000000
28001234866686000150000000000
28001234861643000067400000000
28001234862794000072000000000
28001234862831000180000000000
28001234862916000010000000000
28001234862817000020000000000
28001234863036000035000000000
28019219148429000040000000000
28001234909963000150000000000
28001234865672000067400000000
28001234865689000072000000000
28019219139212000180000000000
28006664044710000010000000000
28006664044796000020000000000
28019219142588000035000000000
28019219143769000040000000000
28019219142205000150000000000
28006664042679000067400000000
28006664042587000072000000000
28006664042655000180000000000
28006664042662000010000000000
28006664042716000020000000000
28006664042730000035000000000
28006664042723000040000000000
28006664041153000150000000000
28006664042945000067400000000
28006664042914000072000000000
28006664042952000180000000000
28019219153836000010000000000
28019219142397000020000000000
28006664042846000035000000000
28006664041276000040000000000
28001234862558000150000000000
28005138513103000067400000000
28019219153676000072000000000
28006664044550000180000000000
28006664044512000010000000000
28006664044581000020000000000
28019219153782000035000000000
28001234471484000040000000000
28019219148153000150000000000
28019219153935000067400000000
28019219153898000072000000000
28019219153652000180000000000
28019219153829000010000000000
28019219153737000020000000000
28001234922634000035000000000
28051931004973000040000000000
28006664044727000150000000000
28006664044765000067400000000
28006664044642000072000000000
28006664044635000180000000000
28006664044574000010000000000
28019219141505000020000000000
28019219139113000035000000000
28019219142298000040000000000
28019219147989000150000000000
28019219147880000067400000000
28019219160018000072000000000
28019219160025000180000000000
28019219147781000010000000000
28019219148085000020000000000
28019219147804000035000000000
28019219147934000040000000000
28019219147996000150000000000
28051931002276000067400000000
28051931004089000072000000000
28051931004126000180000000000
28051931004164000010000000000
28019219147484000020000000000
28019219151092000035000000000
28019219148894000040000000000
28019219148108000150000000000
28019219147637000067400000000
28019219147798000072000000000
28019219147521000180000000000
28019219148313000010000000000
28051931001262000020000000000
28019219147408000035000000000
28019219147460000040000000000
28019219147576000150000000000
28019219142182000067400000000
28019219158978000072000000000
28019219159173000180000000000
28019219160056000010000000000
28019219160032000020000000000
28019219160049000035000000000
28019219158787000040000000000
28019219158800000150000000000
28006664043027000067400000000
28006664042754000072000000000
28006664042747000180000000000
28019219159265000010000000000
28019219159210000020000000000
28019219159197000035000000000
28006664043171000040000000000
28006664045861000150000000000
28019219159081000067400000000
28019219159241000072000000000
28006664045854000180000000000
28006664045946000010000000000
28019219159388000020000000000
28006664046004000035000000000
28006664044413000040000000000
28006664045922000150000000000
28019219159357000067400000000
28019219159111000072000000000
28006664045885000180000000000
28019219159340000010000000000
28006664045991000020000000000
28019219159333000035000000000
28006664046011000040000000000
28006664045816000150000000000
28006664045892000067400000000
28019219159258000072000000000
28019219159227000180000000000
28019219142014000010000000000
28006664046219000020000000000
28019219158862000035000000000
28019219158763000040000000000
28006664046202000150000000000
28019219159401000067400000000
28019219158947000072000000000
28019219158930000180000000000
28006664045847000010000000000
28006664046172000020000000000
28019219158855000035000000000
28006664046196000040000000000
28019219158848000150000000000
28006664044536000067400000000
28006664044369000072000000000
28006664044659000180000000000
28006664044604000010000000000
28006664044390000020000000000
28006664044772000035000000000
28006664044734000040000000000
28006664044741000150000000000
28019219149112000067400000000
28006664044482000072000000000
28019219147453000180000000000
28019219153911000010000000000
28019219159128000020000000000
28019219154093000035000000000
28019219154000000040000000000
28019219153997000150000000000
28019219153706000067400000000
28019219153799000072000000000
28019219153669000180000000000
28019219154079000010000000000
28006664047001000020000000000
28006664045984000035000000000
28006664047094000040000000000
28006664045786000150000000000
28006664045915000067400000000
28006664045908000072000000000
28006664044598000180000000000
28006664046165000010000000000
28006664047377000020000000000
28001234860127000035000000000
28001234860684000040000000000
28001234472177000150000000000
28001234285081000067400000000
28001234202507000072000000000
28001234202392000180000000000
28051931005673000010000000000
28051931005956000020000000000
28001234334628000035000000000
28001234917197000040000000000
28001234910792000150000000000
28001234209698000067400000000
28051931107124000072000000000
28051931004904000180000000000
28001234862572000010000000000
28001234862596000020000000000
28051931100361000035000000000
28001234334734000040000000000
28001234458584000150000000000
28051931100590000067400000000
28001234323042000072000000000
28001234865726000180000000000
28001234865719000010000000000
28019219159050000020000000000
28051931002047000035000000000
28051931002085000040000000000
28051931002092000150000000000
28051931002146000067400000000
28001234473617000072000000000
28001234860929000180000000000
28001234860950000010000000000
28001234861001000020000000000
28001234861018000035000000000
28001234861049000040000000000
28001234911348000150000000000
2 800123323325000067400000000
28001234861278000072000000000
28001234866082000180000000000
28001234866075000010000000000
28001234911546000020000000000
28051931002399000035000000000
28001234282196000040000000000
28001234280079000150000000000
28006664046998000067400000000
28019219159135000072000000000
28001234861940000180000000000
28001234862008000010000000000
28001234861995000020000000000
28001234474447000035000000000
28019219153959000040000000000
2 800123174071000150000000000
28019219158992000067400000000
28051931004195000072000000000
28051931004348000180000000000
28001234913274000010000000000
28019219154017000020000000000
28001234909932000035000000000
28001234284343000040000000000
28051931004713000150000000000
28001234913533000067400000000
28001234913601000072000000000
28051931109777000180000000000
28051931110100000010000000000
28051931007110000020000000000
28001234473389000035000000000
28001234863098000040000000000
28001234863173000150000000000
28001234863272000067400000000
28001234863548000072000000000
28001234459796000180000000000
28019219159043000010000000000
28001234279639000020000000000
28051931110742000035000000000
28001234865214000040000000000
28001234865337000150000000000
28019219153805000067400000000
28019219153683000072000000000
28051931107162000180000000000
28051931001934000010000000000
28051931001972000020000000000
28001234910952000035000000000
28001234911492000040000000000
28001234911829000150000000000
28051931002535000067400000000
28051931002559000072000000000
28051931107995000180000000000
28019219149143000010000000000
28019219142021000020000000000
28001234861698000035000000000
28001234861681000040000000000
28019219151498000150000000000
28019219151962000067400000000
28051931004072000072000000000
28051931100231000180000000000
28051931108732000010000000000
28051931004294000020000000000
28019219159418000035000000000
28019219158879000040000000000
28019219158817000150000000000
28019219158831000067400000000
28051931109470000072000000000
28051931109661000180000000000
28051931100446000010000000000
28001234459529000020000000000
28051931006847000035000000000
28019219097222000040000000000
23600542523028000150000000000
23600542512985000067400000000
23600542512909000072000000000
23600542522922000180000000000
23600542520447000010000000000
23600542520232000020000000000
23600542573726000035000000000
23600542573801000040000000000
23600542572637000150000000000
23600542572736000067400000000
23600542547024000072000000000
23600542547000000180000000000
28002910022846000010000000000
28002910025458000020000000000
28002910030056000035000000000
28002910047788000040000000000
28002910064075000150000000000
28002910064051000067400000000
28002910034474000072000000000
23059943009080000180000000000
28002910029890000010000000000
28002910029791000020000000000
28002910029326000035000000000
23059943009066000040000000000
28002910029913000150000000000
28002910022501000067400000000
28002910047641000072000000000
28056777537128000180000000000
28056777537159000010000000000
28058664129737000020000000000
24008177024733000035000000000
28003699008335000040000000000
28003699008342000150000000000
28003699008304000067400000000
28003699008328000072000000000
28058664057399000180000000000
28058664129751000010000000000
28058664129744000020000000000
28058664129768000035000000000
28016565042579000040000000000
28056777622350000150000000000
28056777622114000067400000000
28056777622268000072000000000
28056777622381000180000000000
28056777622145000010000000000
28056777622299000020000000000
28056777622411000035000000000
28056777622329000040000000000
28056777622442000150000000000
28056777622206000067400000000
28005989101894000072000000000
28001234353575000180000000000
28051931040216000010000000000
28001234862718000020000000000
24008177054402000035000000000
28001238163248000040000000000
28001238141840000150000000000
28001238163279000067400000000
28001238141871000072000000000
28051931124121000180000000000
28051931039715000010000000000
28051931123971000020000000000
28051931006755000035000000000
28051931006946000040000000000
28051931135592000150000000000
28051931137053000067400000000
28051931137510000072000000000
28051931137558000180000000000
28051931138210000010000000000
28051931006748000020000000000
28051931123957000035000000000
28051931006823000040000000000
28051931006939000150000000000
28051931124251000067400000000
28051931014132000072000000000
28051931135608000180000000000
28051931135844000010000000000
28051931004317000020000000000
28051931137381000035000000000
28051931137527000040000000000
28051931138241000150000000000
28051931006984000067400000000
28051931006977000072000000000
28051931007042000180000000000
28051931007011000010000000000
28051931008582000020000000000
28051931004256000035000000000
28051931006786000040000000000
28051931138227000150000000000
28051931138234000067400000000
28051931036578000072000000000
28051931040124000180000000000
28015831155876000010000000000
28051931166497000020000000000
28051931036592000035000000000
28051931031672000040000000000
28051931031689000150000000000
28051931031627000067400000000
28051931031634000072000000000
28051931031412000180000000000
28016565030309000010000000000
25020144812562000020000000000
28016565027941000035000000000
28016565027989000040000000000
28016565042586000150000000000
25020144812128000067400000000
25020144812135000072000000000
28016565025039000180000000000
28016565025046000010000000000
28003170035720000020000000000
28003170035751000035000000000
28003170094994000040000000000
28003170095007000150000000000
28003170095014000067400000000
28003170095021000072000000000
28003170035690000180000000000
28003170035676000010000000000
28003170035669000020000000000
28003170035805000035000000000
28003170035775000040000000000
28003170035812000150000000000
28003170035829000067400000000
28003170035799000072000000000
28003170035782000180000000000
28016565028252000010000000000
28003170095038000020000000000
28003170095045000035000000000
28003170095052000040000000000
28003170095069000150000000000
28003170095076000067400000000
28003170095083000072000000000
28003170095090000180000000000
28003170095106000010000000000
28003170083721000020000000000
28003170083691000035000000000
28003170083738000040000000000
28003170083660000150000000000
28003170083684000067400000000
28003170083646000072000000000
28003170083707000180000000000
28003170083714000010000000000
28003170083271000020000000000
28003170083288000035000000000
28003170096868000040000000000
28003170096844000150000000000
28003170083332000067400000000
28003170083325000072000000000
28003170083349000180000000000
28003170083561000010000000000
28003170083264000020000000000
28003170083257000035000000000
28003170083592000040000000000
28003170083608000150000000000
28003170083585000067400000000
28003170083578000072000000000
28003170096851000180000000000
28003170094062000010000000000
28003170096813000020000000000
28003170096837000035000000000
28003170096820000040000000000
28003170096806000150000000000
28003170035850000067400000000
28003170035867000072000000000
24008177183539000180000000000
24008177080333000010000000000
24008177188633000020000000000
24008177188541000035000000000
24008177188558000040000000000
24008177188718000150000000000
24008177188725000067400000000
24008177188572000072000000000
24008177188589000180000000000
28016565038732000010000000000
24008177179150000020000000000
24008177189272000035000000000
24008177075049000040000000000
24008177024689000150000000000
24008177123375000067400000000
24008177024603000072000000000
28016565028221000180000000000
28410921053672000010000000000
28016565041725000020000000000
28016565028245000035000000000
28410921053504000040000000000
24008177183089000150000000000
24008177054600000067400000000
28016565041718000072000000000
28016565038091000180000000000
28016565038985000010000000000
28016565028153000020000000000
28016565028191000035000000000
28016565028146000040000000000
28016565028184000150000000000
28016565029518000067400000000
28016565029525000072000000000
28016565028177000180000000000
28016565028214000010000000000
28016565029532000020000000000
28016565029549000035000000000
28016565028160000040000000000
28016565028207000150000000000
28016565047390000067400000000
28003170035638000072000000000
28003170035621000180000000000
28003170035614000010000000000
28003170035591000020000000000
28003170035584000035000000000
28003170035577000040000000000
28003170035713000150000000000
25020144812838000067400000000
25020144812845000072000000000
25020144812883000180000000000
25020144812531000010000000000
25020144213420000020000000000
25020144213444000035000000000
28016565034857000040000000000
25020144812593000150000000000
28016565034840000067400000000
25020144215042000072000000000
25020144215066000180000000000
28016565034833000010000000000
28003170035652000020000000000
28003170075665000035000000000
28003170075672000040000000000
28003170035744000150000000000
28003170035737000067400000000
28003170035874000072000000000
28003170035881000180000000000
25020144812517000010000000000
25020144812548000020000000000
25018704350074000035000000000
25018704352078000040000000000
25020144522836000150000000000
25020144215752000067400000000
25020144812418000072000000000
28002565096520000180000000000
28003170090262000010000000000
28003170090255000020000000000
28030795080538000035000000000
28030795080545000040000000000
28030795080552000150000000000
28030795080491000067400000000
28030795080514000072000000000
28030795080521000180000000000
28030795080590000010000000000
28030795080613000020000000000
28030795080620000035000000000
28030795080439000040000000000
28030795080446000150000000000
28030795080453000067400000000
28030795023146000072000000000
28030795023153000180000000000
28030795275774000010000000000
28030795023221000020000000000
28030795275668000035000000000
28030795023238000040000000000
28030795275675000150000000000
28030795023245000067400000000
28030795275866000072000000000
28030795275873000180000000000
28030795023252000010000000000
28030795275569000020000000000
28030795023191000035000000000
28030795023214000040000000000
28030795275576000150000000000
28030795080330000067400000000
28030795080347000072000000000
28030795080354000180000000000
28030795080293000010000000000
28030795080316000020000000000
28030795080323000035000000000
28030795080392000040000000000
28030795080415000150000000000
28030795080422000067400000000
28030795080231000072000000000
28030795080248000180000000000
28030795080255000010000000000
28030795309370000020000000000
28030795084772000035000000000
28030795084796000040000000000
28030795084017000150000000000
28030795084697000067400000000
28030795309462000072000000000
28030795309479000180000000000
28030795101370000010000000000
28030795101363000020000000000
28030795101387000035000000000
28030795101325000040000000000
28030795101332000150000000000
28030795101318000067400000000
28030795101394000072000000000
28030795101424000180000000000
28030795101417000010000000000
28030795097581000020000000000
28030795101295000035000000000
28030795101288000040000000000
28003170027077000150000000000
28003170033528000067400000000
28003170027060000072000000000
28003170033535000180000000000
28003170027053000010000000000
28030795084024000020000000000
28030795084031000035000000000
28030795084048000040000000000
28030795084086000150000000000
28030795084093000067400000000
28030795084116000072000000000
28030795084055000180000000000
28030795084062000010000000000
28030795084079000020000000000
28030795796576000035000000000
28030795796583000040000000000
28030795796668000150000000000
28030795796675000067400000000
28030795796682000072000000000
28030795796767000180000000000
28030795796774000010000000000
28030795796781000020000000000
28030795796866000035000000000
28030795796873000040000000000
28030795796880000150000000000
28030795799805000067400000000
28030795799867000072000000000
28030795800150000180000000000
28030795800167000010000000000
28030795800051000020000000000
28030795800068000035000000000
28030795799959000040000000000
28030795799966000150000000000
28003170092907000067400000000
28003170092877000072000000000
28003170092884000180000000000
28003170092938000010000000000
28003170092891000020000000000
28003170092945000035000000000
28003170092921000040000000000
28003170092914000150000000000
28003170090286000067400000000
28003170090293000072000000000
28003170097384000180000000000
28003170097407000010000000000
28003170097414000020000000000
28003170100459000035000000000
28030795083928000040000000000
28030795083935000150000000000
28030795083942000067400000000
28030795083973000072000000000
28030795083997000180000000000
28030795084680000010000000000
28030795083959000020000000000
28030795083966000035000000000
28030795083980000040000000000
28058664050185000150000000000
28058664050178000067400000000
28058664050314000072000000000
28058664049554000180000000000
28058664049615000010000000000
28058664049660000020000000000
28058664050277000035000000000
28030795115162000040000000000
28030795115179000150000000000
28030795115278000067400000000
28030795115285000072000000000
28030795115193000180000000000
28030795115186000010000000000
28030795115254000020000000000
28030795115261000035000000000
28030795959568000040000000000
28058664049288000150000000000
28058664049240000067400000000
28058664049233000072000000000
28033604183963000180000000000
28058664049479000010000000000
28058664049783000020000000000
28058664049790000035000000000
28058664050291000040000000000
28058664049530000150000000000
28030795115124000067400000000
28058664057405000072000000000
28058664049318000180000000000
28058664050246000010000000000
28058664050192000020000000000
28058664050307000035000000000
28058664049899000040000000000
28058664049462000150000000000
28058664050345000067400000000
28058664049684000072000000000
28058664049707000180000000000
28058664049691000010000000000
28058664049776000020000000000
28058664049851000035000000000
28058664049837000040000000000
28058664050116000150000000000
28058664049844000067400000000
28058664050260000072000000000
28030795957151000180000000000
28056777025182000010000000000
28056777025212000020000000000
28056777025229000035000000000
28056777025687000040000000000
28056777025809000150000000000
28056777025359000067400000000
28056777025380000072000000000
28056777025410000180000000000
28056777025441000010000000000
28030795124027000020000000000
28030795124041000035000000000
28030795124034000040000000000
28030795123341000150000000000
28030795123358000067400000000
28030795129961000072000000000
28030795105194000180000000000
28034112847422000010000000000
28034112847392000020000000000
28034112847361000035000000000
28034112847484000040000000000
28034112847514000150000000000
28034112847453000067400000000
28034112846913000072000000000
28034112846975000180000000000
28030795123990000010000000000
28030795123983000020000000000
28030795124010000035000000000
28030795110112000040000000000
28030795110129000150000000000
28030795110150000067400000000
28030795123648000072000000000
28030795123594000180000000000
28030795123617000010000000000
28030795123266000020000000000
28030795123273000035000000000
28030795123976000040000000000
28030795123969000150000000000
28030795123952000067400000000
28030795159364000072000000000
28030795159371000180000000000
28030795159173000010000000000
28030795159463000020000000000
28030795159470000035000000000
28030795159265000040000000000
28030795159272000150000000000
28030795106047000067400000000
28030795106092000072000000000
28030795106085000180000000000
28030795106078000072000000000
28030795125154000180000000000
28030795125185000067400000000
28056777055264000072000000000
28056777055288000180000000000
28056777055295000010000000000
28056777055271000020000000000
28056777066413000035000000000
28056777055318000040000000000
28056777017064000010000000000
28056777017071000020000000000
28056777017088000035000000000
28056777017095000040000000000
28056777017101000150000000000
28300081813608000067400000000
28300081813585000072000000000
28300081813592000180000000000
28300081813615000010000000000
28300081815558000020000000000
28300081815565000035000000000
28056777014636000040000000000
28056777014643000150000000000
28056777014650000067400000000
28056777014667000072000000000
28056777014674000180000000000
28030795110075000020000000000
28030795110082000035000000000
28030795110099000040000000000
28056777015039000150000000000
28056777015046000067400000000
28056777015763000072000000000
28056777015770000180000000000
28056777015787000010000000000
28056777015053000020000000000
28056777015060000035000000000
28056777015077000040000000000
28034112968691000150000000000
28034112968721000067400000000
28034112787957000072000000000
28034112685017000180000000000
28034112685024000010000000000
28034112685031000020000000000
28300122859244000035000000000
28300122859251000040000000000
28300122859268000150000000000
28300122859275000067400000000
28300122859213000072000000000
28300122859220000180000000000
28300122859237000010000000000
28056777016159000020000000000
28056777016166000035000000000
28056777016173000040000000000
28056777016180000150000000000
28056777016197000067400000000
28056777025267000072000000000
28056777025298000180000000000
28056777025328000010000000000
28056777025922000020000000000
28056777026042000035000000000
28056777025472000040000000000
28056777025502000150000000000
28056777025533000067400000000
28056777025564000072000000000
28058664084005000180000000000
28058664083831000010000000000
28058664098309000035000000000
28058664098316000040000000000
28058664098408000150000000000
28058664081783000067400000000
28030795116398000072000000000
28030795982924000180000000000
28030795951807000010000000000
28030795951814000020000000000
28030795951760000035000000000
28030795951777000040000000000
28030795951784000150000000000
28030795951685000067400000000
28030795951746000072000000000
28030795951753000010000000000
28030795085021000020000000000
28030795084994000035000000000
28030795085014000040000000000
28030795085052000150000000000
28030795085038000067400000000
28030795085045000072000000000
28030795084963000180000000000
28030795084970000010000000000
28030795982443000020000000000
28030795982436000035000000000
28030795982450000040000000000
28030795982474000150000000000
28030795982467000067400000000
28030795982481000072000000000
28030795982412000180000000000
28030795982429000010000000000
28030795057097000035000000000
28030795057110000040000000000
28030795057127000150000000000
28030795057066000067400000000
28030795057080000072000000000
28030795033145000180000000000
28030795057042000010000000000
28030795057059000020000000000
28056777183790000035000000000
28056777171698000040000000000
28056777171704000150000000000
28056777183806000067400000000
28056777171711000072000000000
28056777171728000010000000000
28000877823506000020000000000
28000877823490000035000000000
28058664083824000040000000000
28058664083862000150000000000
28058664086306000067400000000
28056777206291000072000000000
28056777206307000180000000000
28056777206314000010000000000
28056777183752000020000000000
28056777171674000035000000000
28056777171599000040000000000
28056777171681000150000000000
28056777183769000067400000000
28056777171605000072000000000
28056777206451000180000000000
28056777206468000010000000000
28056777206475000020000000000
28056777206482000035000000000