12A1600520250317000000
28010294300009000020000000000
28003170077065000020000000000
28003170077072000020000000000
28003170077058000020000000000
28714800036214000020000000000
28003170049765000020000000000
28003170049758000020000000000
25010549305929000020000000000
24251135910337000020000000000
28006890392968000020000000000
28008440249135000020000000000
28007950014981000020000000000
28007950016343000020000000000
28007950010884000020000000000
25034743202235000020000000000
25034743202211000020000000000
25034743200156000020000000000
25034743202259000020000000000
28003170077034000020000000000
28003170077041000020000000000
28003170077010000020000000000
28003170089730000020000000000
28003170077027000020000000000
28003170077089000020000000000
28412598034213000020000000000
28412598004964000020000000000
2851621000043 000020000000000
28410700002426000020000000000
28410700001559000020000000000
23261570004196000020000000000
27278300015700000020000000000
272783000058  000020000000000
28057094282555000020000000000
28057094282388000020000000000
28057094282913000020000000000
28057094280544000020000000000
28057094282821000020000000000
28057094282890000020000000000
28057094282845000020000000000
24770301232023000020000000000
28007153600202000020000000000
28007153600219000020000000000
28057737290169000020000000000
28057737290152000020000000000
28057737290145000020000000000
28056732802711000020000000000
28003170077409000020000000000
28056732802858000020000000000
28056732802872000020000000000
28003170077416000020000000000
28003170077430000020000000000
28003170077423000020000000000
24105250022003000020000000000
24105250025004000020000000000
24105250028005000020000000000
24105250024007000020000000000
28714800041546000020000000000
28714800004114000020000000000
28714800014182000020000000000
28714800024891000020000000000
28714800017657000020000000000
28714800004787000020000000000
28714800013987000020000000000
28714800007191000020000000000
28714800007191000020000000000
24017300003439000020000000000
25701598033016000020000000000
24100130018138000020000000000
24100130923784000020000000000
24100130923852000020000000000
28010294400006000020000000000
24100130017810000020000000000
24100130015953000020000000000
24100130014352000020000000000
28001033381304000020000000000
25410228285182000020000000000
25013112080018000020000000000
24102430002053000020000000000
25701598031111000020000000000
25411633330054000020000000000
25411633750050000020000000000
25411633150058000020000000000
25411633190047000020000000000
25411633021785000020000000000
25010549306049000020000000000
25425023990094000020000000000
25425023990063000020000000000
28718104914056000020000000000
23261570000044000020000000000
25410228291879000020000000000
25056025440494000020000000000
28594007310412000020000000000
25741000147979000020000000000
25000147498000000020000000000
25741000117903000020000000000
25741000165720000020000000000
25741000225257000020000000000
25741000173442000020000000000
25741000165508000020000000000
25741000126523000020000000000
25741000119136000020000000000
25741000169445000020000000000
25741000110676000020000000000
25741000165492000020000000000
28056732800205000020000000000
25741000116166000020000000000
25410908100156000020000000000
25410908000036000020000000000
25410908000012000020000000000
25410769800097000020000000000
25410769300108000020000000000
25410769300085000020000000000
25410769400068000020000000000
275041670     000020000000000
275032814     000020000000000
28010294000008000020000000000
28003170049741000020000000000
280022275     000020000000000
28003170049727000020000000000
28003170041707000020000000000
254107090     000020000000000
25412186000098000020000000000
28056095260104000020000000000
28056095260074000020000000000
28712000038618000020000000000
25411681014005000020000000000
25741000007624000020000000000
28006890151190000020000000000
28006890111330000020000000000
28006890111187000020000000000