13A5100120250321002130
28059002400150001110000000000
20000002317670000010000000000
28003955104030000010000000000
28008110001964000010000000000
28010883003168000010000000000
28010883003380000010000000000
28010883004226000010000000000
28010883004585000010000000000
28010952400454000010000000000
28011192000169000010000000000
28011198101723000010000000000
28011198109149000010000000000
28011425116506000010000000000
28011425116520000010000000000
28011425116537000010000000000
28011608008376000010000000000
28011613000068000010000000000
20000002318699000011000000000
20000002339435000012000000000
20000002339900000013000000000
20000002352344000014000000000
20000002361103000015000000000
20000002367540000016000000000
20000002375694000017000000000
20000002376309000018000000000
20000002376390000019000000000
20000002378258000020000000000
28003955304539000020000000000
28008110002008000020000000000
28011613000082000020000000000
28011613000778000020000000000
28011613001027000020000000000
28011816662100000020000000000
28011816669208000020000000000
28012142006019000020000000000
28012431212701000020000000000
28012431421066000020000000000
28012591001597000020000000000
28012591060136000020000000000
28012591060228000020000000000
28012591060242000020000000000
28012591060266000020000000000
28012591060440000020000000000
28012591060518000020000000000
28012591060549000020000000000
28012591060600000020000000000
28012591060624000020000000000
28012591110138000020000000000
28012591110206000020000000000
28012591110220000020000000000
28012591110244000020000000000
28012591110268000020000000000
28012591110350000020000000000
28012591190000000020000000000
28012591190987000020000000000
28012591410528000020000000000
28012591410887000020000000000
28012678000567000020000000000
28012678000574000020000000000
28012678000581000020000000000
28012865000622000020000000000
28012901004706000020000000000
28012901004713000020000000000
28012901018123000020000000000
28012901018147000020000000000
28012901018710000020000000000
28012901018727000020000000000
28013002000024000020000000000
28013002005074000020000000000
28013002005104000020000000000
28013002012508000020000000000
28013002012621000020000000000
28013165000701000020000000000
28013165000718000020000000000
28013165001258000020000000000
28013165001272000020000000000
28013165009605000020000000000
28013165060033000020000000000
28013165060156000020000000000
28013165060811000020000000000
28013165060842000020000000000
28013755001019000020000000000
28013755001040000020000000000
28014356001651000020000000000
28014761005701000020000000000
28014949000412000020000000000
28014949000610000020000000000
28014949000719000020000000000
28014949000917000020000000000
28014949001013000020000000000
28014949003185000020000000000
28015347000011000020000000000
28015347000042000020000000000
28015347000059000020000000000
28015347000066000020000000000
28015347004804000020000000000
28015347010621000020000000000
28015347047122000020000000000
28015347047146000020000000000
28015347047474000020000000000
28015347047481000020000000000
28015347047498000020000000000
28015347047504000020000000000
28015347047511000020000000000
28015347047658000020000000000
28015347049003000020000000000
28015347049027000020000000000
28015347049034000020000000000
28015347049065000020000000000
28015347049072000020000000000
28015347049096000020000000000
28015347049102000020000000000
28015347049119000020000000000
28015347333348000020000000000
28015347495800000020000000000
28015895000020000020000000000
28016325002706000020000000000
28016748041542000020000000000
28016784000008000020000000000
28016784555553000020000000000
28016784901145000020000000000
28017738128489000020000000000
28017738128663000020000000000
28018299000597000020000000000
28018299000771000020000000000
28018299005158000020000000000
28018299006001000020000000000
28018299006049000020000000000
28018299006056000020000000000
28018299006094000020000000000
28018299006100000020000000000
28018299006131000020000000000
28018299006230000020000000000
28018299006247000020000000000
28018299006339000020000000000
28018299006360000020000000000
28018299006377000020000000000
28018299006384000020000000000
28018299006407000020000000000
28018299006414000020000000000
28018299006445000020000000000
28018299006520000020000000000
28018299006575000020000000000
28018299006674000020000000000
28018299006780000020000000000
28018299006872000020000000000
28018299006889000020000000000
28018299008746000020000000000
28018299008753000020000000000
28018299014013000020000000000
28018299014112000020000000000
28018299014167000020000000000
28018299014198000020000000000
28018299014204000020000000000
28018299014228000020000000000
28018299015010000020000000000
28018299015065000020000000000
28018299015089000020000000000
28018299015096000020000000000
28018299015102000020000000000
28018299015157000020000000000
28018299080421000020000000000
28018656001052000020000000000
28018656005005000020000000000
28018656640510000020000000000
28018656640534000020000000000
28018656640541000020000000000
28018656650052000020000000000
28018656650069000020000000000
28018656650113000020000000000
28018656650120000020000000000
28018656650137000020000000000
28018656650175000020000000000
28018656650182000020000000000
28018656652513000020000000000
28018656652520000020000000000
28018656652537000020000000000
28018656710015000020000000000
28018656853514000020000000000
28018699000470000020000000000
28018796022320000020000000000
28019138521440000020000000000
28019314000004000020000000000
28019314000110000020000000000
28019314000769000020000000000
28019314000783000020000000000
28019314000820000020000000000
28019314000899000020000000000
28019314000905000020000000000
28019314020026000020000000000
28019314020033000020000000000
28019315031021000020000000000
28019315070334000020000000000
28019315070341000020000000000
28019315071041000020000000000
28019315072604000020000000000
28019315087400000020000000000
20000002384994000021000000000
20000002402791000022000000000
20000002038990000023000000000
20000002449713000023000000000
20000002461917000024000000000
20000002463634000025000000000
20000002492099000026000000000
20000002532382000027000000000
20000002554942000028000000000
20000002560990000029000000000
20000002016860000030000000000
20000002561000000030000000000
28003955304805000030000000000
28008110002015000030000000000
20000002561020000031000000000
20000002011410000032000000000
20000002561100000032000000000
20000002561280000033000000000
20000002570780000034000000000
20000002572810000035000000000
20000002575091000036000000000
20000002604611000037000000000
20000002618001000038000000000
20000002623390000039000000000
20000002177950000040000000000
20000002623410000040000000000
28003955313333000040000000000
28008110002107000040000000000
28019315132599000040000000000
28019315216510000040000000000
28019315217807000040000000000
28019315277979000040000000000
28019634000142000040000000000
28019634000173000040000000000
28019634000197000040000000000
28019634000333000040000000000
28019634000340000040000000000
28019634000357000040000000000
28019634000388000040000000000
28019634000395000040000000000
28020263000250000040000000000
28020263001370000040000000000
28020263006894000040000000000
28020263006900000040000000000
28020263009581000040000000000
28020444005425000040000000000
28020444005449000040000000000
28020444005487000040000000000
28020537118605000040000000000
28020537124200000040000000000
28020537124507000040000000000
28020537155105000040000000000
28020537165524000040000000000
28020537170504000040000000000
28020537214208000040000000000
28020537282504000040000000000
28020537309126000040000000000
28020537394207000040000000000
28020537421002000040000000000
28020537450507000040000000000
28020537650105000040000000000
28020537804508000040000000000
28020926000214000040000000000
28020926000368000040000000000
28020926000771000040000000000
28020926001020000040000000000
28020929112167000040000000000
28020929112174000040000000000
28020929112433000040000000000
28020929112440000040000000000
28020929112617000040000000000
28020929112624000040000000000
28020929112679000040000000000
28020929112709000040000000000
28020929112716000040000000000
28020929112730000040000000000
28020929112761000040000000000
28020929112778000040000000000
28020929112785000040000000000
28020929113027000040000000000
28020929113126000040000000000
28020929113157000040000000000
28020929113225000040000000000
28020929113249000040000000000
28020929113317000040000000000
28020929113416000040000000000
28020929113652000040000000000
28021228901339000040000000000
28021228901346000040000000000
28021228901360000040000000000
28021228901643000040000000000
28021228902466000040000000000
28021228902510000040000000000
28021733200019000040000000000
28021733200026000040000000000
28021733200040000040000000000
28021733200057000040000000000
28021733200071000040000000000
28021733210025000040000000000
28021733210087000040000000000
28021733210094000040000000000
28021733210155000040000000000
28021733210162000040000000000
28021733210278000040000000000
28021733220130000040000000000
28021733220154000040000000000
28021733220307000040000000000
28021733220475000040000000000
28021733220482000040000000000
28021733220604000040000000000
28021733221106000040000000000
28021733222325000040000000000
28021733222332000040000000000
28021733240077000040000000000
28021733240251000040000000000
28021733240299000040000000000
28021733240312000040000000000
28021733240329000040000000000
28021733250014000040000000000
28021733250083000040000000000
28021733250120000040000000000
28021733250168000040000000000
28021733250458000040000000000
28021733250472000040000000000
28021733250557000040000000000
28021733250755000040000000000
28021733250793000040000000000
28021733250892000040000000000
28021733251332000040000000000
28021733251349000040000000000
28021733260068000040000000000
28021733260075000040000000000
28021733260136000040000000000
28021733260143000040000000000
28021733280219000040000000000
28021733280325000040000000000
28021733280400000040000000000
28022813000123000040000000000
28022813000260000040000000000
28022813000451000040000000000
28022813000765000040000000000
28022813001182000040000000000
28022813002202000040000000000
28022813002257000040000000000
28022813002264000040000000000
28022813002301000040000000000
28022813002615000040000000000
28022813002998000040000000000
28022813003308000040000000000
28022813003698000040000000000
28022813004053000040000000000
28022813004329000040000000000
28022813004336000040000000000
28022813004367000040000000000
28022813004466000040000000000
28022813004626000040000000000
28022813005067000040000000000
28022813005418000040000000000
28022813005432000040000000000
28022813005630000040000000000
28022813005647000040000000000
28022813006156000040000000000
28022813006163000040000000000
28022813006293000040000000000
28022813006309000040000000000
28022813006316000040000000000
28022813006415000040000000000
28022813006804000040000000000
28023022033056000040000000000
28024133005321000040000000000
28024133006588000040000000000
28024367004800000040000000000
28024367005579000040000000000
28024367007559000040000000000
28024367007566000040000000000
28024501005489000040000000000
28024501005540000040000000000
28024501005588000040000000000
28024501005656000040000000000
28024659132464000040000000000
28024985000215000040000000000
28024985010306000040000000000
28024985010313000040000000000
28025025000387000040000000000
28025314001354000040000000000
28025330003806000040000000000
28025330003998000040000000000
28025330004513000040000000000
28025330004650000040000000000
28025330004698000040000000000
28025330004704000040000000000
28025330004735000040000000000
28025330004742000040000000000
28025330004759000040000000000
28025330004803000040000000000
28025330960000000040000000000
28025886000045000040000000000
28026160007705000040000000000
28026160009006000040000000000
28026160010071000040000000000
28026160010088000040000000000
28026523000435000040000000000
28026523140124000040000000000
28026523140148000040000000000
28027547000012000040000000000
28027547000166000040000000000
28027547300679000040000000000
28027868000098000040000000000
28027890009137000040000000000
28027890009144000040000000000
28027890009151000040000000000
28027890009175000040000000000
28027890009694000040000000000
28027890009700000040000000000
28027890010089000040000000000
28027890010096000040000000000
28027890010379000040000000000
28027890010386000040000000000
28027890010645000040000000000
28027890011253000040000000000
28027890011338000040000000000
28027890011345000040000000000
28027890011420000040000000000
28028257002679000040000000000
28028257002747000040000000000
28028257002907000040000000000
28028257004253000040000000000
28028257005366000040000000000
28028257005380000040000000000
28028257006288000040000000000
28028257007872000040000000000
28028257007995000040000000000
28028257008015000040000000000
28028257008244000040000000000
28028257008909000040000000000
28028257009739000040000000000
28028257009746000040000000000
28028257011459000040000000000
28028257011473000040000000000
28028257011497000040000000000
28029869000046000040000000000
28030142000011000040000000000
28030142000028000040000000000
28030705001042000040000000000
28031040140076000040000000000
28031040140083000040000000000
28031040140205000040000000000
28031040140212000040000000000
28031040140229000040000000000
28031040140236000040000000000
28031040160074000040000000000
28031040160081000040000000000
28031040240097000040000000000
28031040240103000040000000000
28031040240134000040000000000
28031040240325000040000000000
28031040260132000040000000000
28031040270025000040000000000
28031040310875000040000000000
28031363153067000040000000000
28031363253002000040000000000
28031363253019000040000000000
28031363253033000040000000000
28031363253057000040000000000
28031363253118000040000000000
28031363253293000040000000000
28031363253309000040000000000
28031363253316000040000000000
28031363253323000040000000000
28031363253330000040000000000
28031363253347000040000000000
28031363253408000040000000000
28031363253415000040000000000
28031363253422000040000000000
28031363253439000040000000000
28031363253613000040000000000
28031363253620000040000000000
28031363253637000040000000000
28031363253644000040000000000
28031363503008000040000000000
28031363503015000040000000000
28031363503039000040000000000
28031363503046000040000000000
28031363503053000040000000000
28031363503091000040000000000
28031363503107000040000000000
28031363503145000040000000000
28031363503169000040000000000
28031363503213000040000000000
28031363503282000040000000000
28031363503305000040000000000
28031363503312000040000000000
28031363503367000040000000000
28031363503947000040000000000
28031363503954000040000000000
28031363503961000040000000000
28032413001260000040000000000
28032413001284000040000000000
28032413001307000040000000000
28032413001550000040000000000
28032413002137000040000000000
28032413002670000040000000000
28032413002946000040000000000
28032413002960000040000000000
28032413004759000040000000000
28032413005473000040000000000
28032413005497000040000000000
28032413005510000040000000000
28032413005534000040000000000
28032413663604000040000000000
28032685360454000040000000000
28032685367637000040000000000
28032685367644000040000000000
28032700420163000040000000000
28032715020570000040000000000
28032715021256000040000000000
28032715022659000040000000000
28032715023199000040000000000
28032715023205000040000000000
28032715023212000040000000000
28032715023236000040000000000
28032715023311000040000000000
28032715023595000040000000000
28032715024042000040000000000
28032715024110000040000000000
28032715024196000040000000000
28032715024202000040000000000
28032715024240000040000000000
28032715024608000040000000000
28032715024615000040000000000
28032715024622000040000000000
28032754340776000040000000000
28032754340783000040000000000
28032891050231000040000000000
28032891700020000040000000000
28032891700044000040000000000
28032919810106000040000000000
28032919810632000040000000000
28032919811325000040000000000
28032956075230000040000000000
28032956075704000040000000000
28032956077173000040000000000
28032956078071000040000000000
28033020651527000040000000000
28033020651565000040000000000
28033020651596000040000000000
28033116901307000040000000000
28033116903523000040000000000
28033116903554000040000000000
28033116904681000040000000000
28033116905480000040000000000
28033116905565000040000000000
28033116906159000040000000000
28033196680017000040000000000
28033196920137000040000000000
28033219012290000040000000000
28033219012832000040000000000
28033219860013000040000000000
28033219860020000040000000000
28033219860037000040000000000
28033247770001000040000000000
28033247770025000040000000000
28033247770049000040000000000
28033247770124000040000000000
28033247770148000040000000000
28033247770162000040000000000
28033247770209000040000000000
28033247770216000040000000000
28033247770223000040000000000
28033247772609000040000000000
28033247772616000040000000000
28033247772623000040000000000
28033247772630000040000000000
28033247772647000040000000000
28033247772654000040000000000
28033247772661000040000000000
28033247772685000040000000000
28033247773064000040000000000
28033247773095000040000000000
28033247773125000040000000000
28033247775013000040000000000
28033247776003000040000000000
28033247776058000040000000000
28033247776065000040000000000
28033247776072000040000000000
28033247776089000040000000000
28033247777048000040000000000
28033247777123000040000000000
28033247777147000040000000000
28033247777185000040000000000
28033406840217000040000000000
28033406840514000040000000000
28033629400557000040000000000
28033629400588000040000000000
28033629409017000040000000000
28033629409079000040000000000
20000002179320000041000000000
20000002634510000041000000000
20000002185740000042000000000
20000002637100000042000000000
20000002015790000043000000000
20000002029570000043000000000
20000002185750000043000000000
20000002663050000043000000000
20000002095040000044000000000
20000002185780000044000000000
20000002663070000044000000000
20000002011630000045000000000
20000002092090000045000000000
20000002152360000045000000000
20000002185790000045000000000
20000002663200000045000000000
20000002185900000046000000000
20000002663230000046000000000
20000002186200000047000000000
20000002673538000047000000000
20000002186270000048000000000
20000002677670000048000000000
20000002186890000049000000000
20000002681247000049000000000
20000002192750000050000000000
20000002682955000050000000000
28003955313470000050000000000
28008110002206000050000000000
28033629409246000050000000000
28033629409734000050000000000
28033629409833000050000000000
28033629409871000050000000000
28033673890052000050000000000
28033673890069000050000000000
28034066303432000050000000000
28034066303456000050000000000
28034066303616000050000000000
28034066304552000050000000000
28034066304569000050000000000
28034066304576000050000000000
28034066304767000050000000000
28034066304811000050000000000
28034066304828000050000000000
28034066305078000050000000000
28034066305085000050000000000
28034066305184000050000000000
28034066305375000050000000000
28034066305382000050000000000
28034066307003000050000000000
28034066307034000050000000000
28034066307089000050000000000
28034066307096000050000000000
28034066307102000050000000000
28034066307188000050000000000
28034066307195000050000000000
28034066307218000050000000000
28034066307256000050000000000
28034066307362000050000000000
28034066307379000050000000000
28034066307546000050000000000
28034066307553000050000000000
28034066307645000050000000000
28034066307652000050000000000
28034066307669000050000000000
28034066307676000050000000000
28034066307720000050000000000
28034066307751000050000000000
28034066307812000050000000000
28034066307829000050000000000
28034066307836000050000000000
28034066307874000050000000000
28034066307966000050000000000
28034066307973000050000000000
28034066308000000050000000000
28034066308017000050000000000
28034066308307000050000000000
28034066308529000050000000000
28034066308550000050000000000
28034066308604000050000000000
28034066308611000050000000000
28034066308826000050000000000
28034066309120000050000000000
28034066370243000050000000000
28034066371714000050000000000
28034066371721000050000000000
28034066371783000050000000000
28034066371844000050000000000
28034066371851000050000000000
28034066371868000050000000000
28034066376160000050000000000
28034066376191000050000000000
28034066600043000050000000000
28034066607219000050000000000
28034066607233000050000000000
28034094550716000050000000000
28034094550730000050000000000
28050054412047000050000000000
28050054412061000050000000000
28050054412108000050000000000
28050054414065000050000000000
28050054415048000050000000000
28050054415062000050000000000
28051566345717000050000000000
28051566345724000050000000000
28051566345731000050000000000
28051566345960000050000000000
28051732062097000050000000000
28051732062103000050000000000
28051732062943000050000000000
28052740613547000050000000000
28052740613554000050000000000
28052740613561000050000000000
28052740613585000050000000000
28053017190037000050000000000
28053017190082000050000000000
28053017190099000050000000000
28053017190105000050000000000
28053017190136000050000000000
28053017190242000050000000000
28053017190259000050000000000
28053041000074000050000000000
28053041000098000050000000000
28053041000654000050000000000
28053041000661000050000000000
28053041000692000050000000000
28053041000708000050000000000
28053041001538000050000000000
28053041001545000050000000000
28053041001590000050000000000
28053041001606000050000000000
28053041001613000050000000000
28053041001651000050000000000
28053041001668000050000000000
28053041001675000050000000000
28053041001682000050000000000
28053041001705000050000000000
28053853071705000050000000000
28053853072634000050000000000
28056457970085000050000000000
28056457970221000050000000000
28056457970528000050000000000
28057711221134000050000000000
28058056170002000050000000000
28058056170019000050000000000
28058056170231000050000000000
28058151230083000050000000000
28410320062879000050000000000
28414881020668000050000000000
28414881232108000050000000000
28414881233235000050000000000
28414881410551000050000000000
28424893501116000050000000000
28435257037288000050000000000
28436009088169000050000000000
28437000796367000050000000000
28445290097767000050000000000
28445290354808000050000000000
28445290431950000050000000000
28445290440747000050000000000
28445290592842000050000000000
28445290895608000050000000000
28710912007845000050000000000
28710912058908000050000000000
28710912058946000050000000000
28710912070474000050000000000
28710912070498000050000000000
28710912074526000050000000000
28710912104162000050000000000
28712941331557000050000000000
28712941402462000050000000000
28713108000682000050000000000
28713108000781000050000000000
28713108010681000050000000000
28713108010780000050000000000
28721800081625000050000000000
28721800082110000050000000000
28721800181851000050000000000
28721800400181000050000000000
28721800400808000050000000000
28721800400884000050000000000
28721800401959000050000000000
28721800402154000050000000000
28721800405636000050000000000
28721800408934000050000000000
29120025830077000050000000000
29120025834723000050000000000
29120025836246000050000000000
29999999999024000050000000000
20000002259217000050000000000
20000002197100000510000000000
20000002683716000510000000000
20000002199210000520000000000
20000002690510000520000000000
20000002199220000530000000000
20000002694420000530000000000
20000002199921000540000000000
20000002696848000540000000000
20000002199950000550000000000
20000002698776000550000000000
20000002018100000560000000000
20000002199960000560000000000
20000002745323000560000000000
20000002199990000570000000000
20000002750596000570000000000
20000002201511000580000000000
20000002762730000580000000000
20000002206930000590000000000
20000002764597000590000000000
20000002208532000600000000000
20000002768015000600000000000
28003955313678000600000000000
28008110004101000600000000000
20000002208573000610000000000
20000002769963000610000000000
20000002209141000620000000000
20000002769996000620000000000
20000002209156000630000000000
20000002810559000630000000000
20000002210663000640000000000
20000002817075000640000000000
20000002211172000650000000000
20000002924260000650000000000
20000002215508000660000000000
20000002926802000660000000000
20000002014980000670000000000
20000002101280000670000000000
20000002216423000670000000000
20000002964291000670000000000
20000002217534000680000000000
20000002968143000680000000000
20000002218355000690000000000
20000002971078000690000000000
20000002222715000700000000000
20000009898989000700000000000
28003956000638000700000000000
28008110006013000700000000000
20000002224655000710000000000
20000040255040000710000000000
20000002226524000720000000000
20000002235351000730000000000
20000002235352000740000000000
20000002235482000750000000000
20000002239010000760000000000
20000002239872000770000000000
20000002240133000780000000000
20000002240136000790000000000
20000002147460000800000000000
20000002250018000800000000000
28003956004230000800000000000
28008110006976000800000000000
20000002263450000810000000000
20000002269089000820000000000
20000002269921000830000000000
20000002269922000840000000000
20000002269926000850000000000
20000002269928000860000000000
20000002269929000870000000000
20000002269937000880000000000
20000002126423000890000000000
20000002270410000890000000000
20000002275845000900000000000
28004147000147000900000000000
28008110008673000900000000000
20000002275851000910000000000
20000002305099000920000000000
20000002308575000930000000000
20000002310830000940000000000
20000002316410000950000000000
20000002316630000960000000000
20000002316730000970000000000
20000002317360000980000000000
20000002317600000990000000000
20000040255279000100000000000
20000080094708000100000000000
23023290798041000100000000000
27010102001259000100000000000
28000430138962000100000000000
28001630011093000100000000000
28002580015964000100000000000
28003170048027000100000000000
28004147000741000100000000000
28008110010355000100000000000
20000040423531000110000000000
20000080097884000110000000000
23033610063254000110000000000
27290109357027000110000000000
28000430139020000110000000000
28001630011277000110000000000
28002580015971000110000000000
28003170048034000110000000000
28004172000051000110000000000
28008110013394000110000000000
20000040858470000120000000000
20000080104087000120000000000
23033610067504000120000000000
27290109357065000120000000000
28000430139129000120000000000
28001630011284000120000000000
28002580016060000120000000000
28003170048447000120000000000
28004225012314000120000000000
28008110016869000120000000000
20000042000235000130000000000
20000080128656000130000000000
23033610078944000130000000000
27610100518607000130000000000
28000430139174000130000000000
28001630011291000130000000000
28002580016114000130000000000
28003170048454000130000000000
28004225013137000130000000000
28008110034078000130000000000
20000042000341000140000000000
20000080128809000140000000000
23073780968508000140000000000
27610100518676000140000000000
28000430139181000140000000000
28001630011307000140000000000
28002580016121000140000000000
28003170048621000140000000000
28004225044360000140000000000
28008110034092000140000000000
20000042000396000150000000000
20000080128816000150000000000
23073780997805000150000000000
27610900042623000150000000000
28000430139228000150000000000
28001630011321000150000000000
28002580017944000150000000000
28003170049642000150000000000
28004225044407000150000000000
28008110034702000150000000000
20000042103721000160000000000
20000080128908000160000000000
23073781011944000160000000000
27610900045754000160000000000
28000430139235000160000000000
28001630011338000160000000000
28002580018309000160000000000
28003170050006000160000000000
28004225044414000160000000000
28008110034726000160000000000
20000042109907000170000000000
20000080128915000170000000000
23073781056358000170000000000
27610900297191000170000000000
28000430139372000170000000000
28001630011390000170000000000
28002580019573000170000000000
28003170050235000170000000000
28004225047811000170000000000
28008110036102000170000000000
20000042186373000180000000000
20000080129387000180000000000
23073781067057000180000000000
27610900309832000180000000000
28000430139426000180000000000
28001630011475000180000000000
28002580019900000180000000000
28003170050297000180000000000
28004225049433000180000000000
28008110039110000180000000000
20000042202202000190000000000
20000080147381000190000000000
23073781086416000190000000000
27613033521898000190000000000
28000430139440000190000000000
28001630011482000190000000000
28002580253335000190000000000
28003170050303000190000000000
28004225054949000190000000000
28008110039134000190000000000
20000042208266000200000000000
20000080179139000200000000000
23073781086430000200000000000
27613034062727000200000000000
28000430139563000200000000000
28001630011499000200000000000
28002580254288000200000000000
28003170050310000200000000000
28004225054956000200000000000
28008110040642000200000000000
20000042208310000210000000000
20000080243465000210000000000
23073781163582000210000000000
27613035460201000210000000000
28000430139716000210000000000
28001630011505000210000000000
28002580254325000210000000000
28003170050372000210000000000
28004225054963000210000000000
28008110258627000210000000000
20000042232858000220000000000
20000080255291000220000000000
23090291116051000220000000000
27613036294430000220000000000
28000430139853000220000000000
28001630011673000220000000000
28002580254462000220000000000
28003170050518000220000000000
28004225054970000220000000000
28008110258634000220000000000
20000042274339000230000000000
20000080275022000230000000000
23090291124193000230000000000
27613036865531000230000000000
28000430156461000230000000000
28001630011710000230000000000
28002580255544000230000000000
28003170050525000230000000000
28004225054987000230000000000
28008110561895000230000000000
20000042287254000240000000000
20000080321637000240000000000
23123930312207000240000000000
27613036877701000240000000000
28000430159721000240000000000
28001630011949000240000000000
28002580255803000240000000000
28003170050921000240000000000
28004225055298000240000000000
28008110561918000240000000000
20000042287315000250000000000
20000080351221000250000000000
23123930612376000250000000000
27613036877725000250000000000
28000430166064000250000000000
28001630011956000250000000000
28002580255889000250000000000
28003170050976000250000000000
28004225055311000250000000000
28008221000092000250000000000
20000042298779000260000000000
20000080353003000260000000000
23123930612505000260000000000
27613287358868000260000000000
28000430171013000260000000000
28001630011987000260000000000
28002580255902000260000000000
28003170051836000260000000000
28004225055335000260000000000
28008221000122000260000000000
20000042315506000270000000000
20000080359920000270000000000
23123930617722000270000000000
27613287530950000270000000000
28000430172010000270000000000
28001630012076000270000000000
28002580255926000270000000000
28003170052284000270000000000
28004225055854000270000000000
28008221000870000270000000000
20000042315513000280000000000
20000080359937000280000000000
23123931280680000280000000000
27613287870377000280000000000
28000430190090000280000000000
28001630012083000280000000000
28002580256855000280000000000
28003170052437000280000000000
28004225055861000280000000000
28008221000931000280000000000
20000042333814000290000000000
20000080365853000290000000000
23123931404017000290000000000
27622201107987000290000000000
28000430193510000290000000000
28001630012090000290000000000
28002580256893000290000000000
28003170052635000290000000000
28004225055953000290000000000
28008221050103000290000000000
20000042333821000300000000000
20000080388975000300000000000
23123931470012000300000000000
27622201130466000300000000000
28000430194012000300000000000
28001630012151000300000000000
28002580257357000300000000000
28003170052772000300000000000
28004225055991000300000000000
28008221050431000300000000000
20000042333838000310000000000
20000080388999000310000000000
23123937100067000310000000000
27622201384401000310000000000
28000430194050000310000000000
28001663000057000310000000000
28002580257418000310000000000
28003170052789000310000000000
28004225056004000310000000000
28008221050486000310000000000
20000042333845000320000000000
20000080390800000320000000000
23151389702089000320000000000
27622201433864000320000000000
28000430194111000320000000000
28001663001054000320000000000
28002580257432000320000000000
28003170053076000320000000000
28004225056127000320000000000
28008221050899000320000000000
20000042333852000330000000000
20000080391005000330000000000
23161710001569000330000000000
27622201455682000330000000000
28000430194128000330000000000
28001663001146000330000000000
28002580257678000330000000000
28003170053168000330000000000
28004225056257000330000000000
28008221082173000330000000000
20000042334354000340000000000
20000080394693000340000000000
23161712970009000340000000000
27622201575236000340000000000
28000430194135000340000000000
28001663003201000340000000000
28002580257692000340000000000
28003170053434000340000000000
28004225056301000340000000000
28008221505108000340000000000
20000042343660000350000000000
20000080404200000350000000000
23175333021002000350000000000
27622201636470000350000000000
28000430194159000350000000000
28001663003218000350000000000
28002580257715000350000000000
28003170053915000350000000000
28004225056318000350000000000
28008221505603000350000000000
20000042354123000360000000000
20000080404286000360000000000
23175333031001000360000000000
27622201679811000360000000000
28000430194203000360000000000
28001663003546000360000000000
28002580257913000360000000000
28003170054011000360000000000
28004225056363000360000000000
28008410014077000360000000000
20000042356257000370000000000
20000080404293000370000000000
23177890001770000370000000000
27622201688837000370000000000
28000430194234000370000000000
28001663003799000370000000000
28002580257937000370000000000
28003170054028000370000000000
28004225057384000370000000000
28008410014176000370000000000
20000042374626000380000000000
20000080415985000380000000000
23184670015421000380000000000
27622201699741000380000000000
28000430194258000380000000000
28001663500328000380000000000
28002580257951000380000000000
28003170054097000380000000000
28004225058015000380000000000
28008410043961000380000000000
20000042374633000390000000000
20000080416050000390000000000
23199240000752000390000000000
27622202019685000390000000000
28000430194401000390000000000
28001663500335000390000000000
28002580257975000390000000000
28003170054103000390000000000
28004225058060000390000000000
28008410494114000390000000000
20000042392125000400000000000
20000080416210000400000000000
23228020481426000400000000000
27622202019814000400000000000
28000430197419000400000000000
28001663500373000400000000000
28002580270905000400000000000
28003170054127000400000000000
28004225058077000400000000000
28008410582910000400000000000
20000042400530000410000000000
20000080418900000410000000000
23228021200040000410000000000
27622210098146000410000000000
28000430240108000410000000000
28001663500519000410000000000
28002626000015000410000000000
28003170054448000410000000000
28004225058374000410000000000
28008410582941000410000000000
20000042400547000420000000000
20000080422143000420000000000
23228021220116000420000000000
27622210138019000420000000000
28000430240122000420000000000
28001663500533000420000000000
28002626010502000420000000000
28003170054622000420000000000
28004225058381000420000000000
28008410612112000420000000000
20000042406310000430000000000
20000080441304000430000000000
23252540931024000430000000000
27622210138125000430000000000
28000430264517000430000000000
28001663500700000430000000000
28002626012506000430000000000
28003170054745000430000000000
28004225058398000430000000000
28008410619111000430000000000
20000042406341000440000000000
20000080457534000440000000000
23252540948749000440000000000
27622210390486000440000000000
28000430268027000440000000000
28001665011419000440000000000
28002626020068000440000000000
28003170054783000440000000000
28004225058923000440000000000
28008410622111000440000000000
20000042406358000450000000000
20000080457558000450000000000
23252950005315000450000000000
27622210512055000450000000000
28000430268034000450000000000
28001665112468000450000000000
28002626020082000450000000000
28003170055179000450000000000
28004225059487000450000000000
28008410627116000450000000000
20000042419020000460000000000
20000080457589000460000000000
23252950005339000460000000000
27622210512079000460000000000
28000430270334000460000000000
28001665112864000460000000000
28002626020167000460000000000
28003170055186000460000000000
28004225158005000460000000000
28008410655300000460000000000
20000042419037000470000000000
20000080459156000470000000000
23252950006633000470000000000
27622210516657000470000000000
28000430270341000470000000000
28001665112888000470000000000
28002626021072000470000000000
28003170055193000470000000000
28004225158029000470000000000
28008410655331000470000000000
20000042419129000480000000000
20000080459569000480000000000
23252950006855000480000000000
27622210613455000480000000000
28000430395785000480000000000
28001665114684000480000000000
28002626021423000480000000000
28003170057753000480000000000
28004225158210000480000000000
28008410689916000480000000000
20000042419136000490000000000
20000080476504000490000000000
23252950007722000490000000000
27622210614827000490000000000
28000430583212000490000000000
28001665115254000490000000000
28002626030807000490000000000
28003170057791000490000000000
28004225158227000490000000000
28008410693913000490000000000
20000042430124000500000000000
20000080476511000500000000000
23254550021276000500000000000
27622210652232000500000000000
28000430611229000500000000000
28001665116237000500000000000
28002626030814000500000000000
28003170058514000500000000000
28004225913116000500000000000
28008410734111000500000000000
20000042430131000510000000000
20000080480259000510000000000
23254550021290000510000000000
27622210669223000510000000000
28000430611458000510000000000
28001665116961000510000000000
28002626305073000510000000000
28003170059559000510000000000
28004225913123000510000000000
28008481795714000510000000000
20000042435891000520000000000
20000080480273000520000000000
23254550032586000520000000000
27622210707994000520000000000
28000430680652000520000000000
28001665116978000520000000000
28002670002010000520000000000
28003170060425000520000000000
28004248002002000520000000000
28008524002915000520000000000
20000042435952000530000000000
20000080480280000530000000000
23263091000343000530000000000
27622210708991000530000000000
28000430683509000530000000000
28001665116985000530000000000
28002670002966000530000000000
28003170060449000530000000000
28004248002101000530000000000
28008524900013000530000000000
20000042456001000540000000000
20000080483113000540000000000
23263091001289000540000000000
27622210723581000540000000000
28000430900071000540000000000
28001665124096000540000000000
28002670002997000540000000000
28003170060579000540000000000
28004363500056000540000000000
28008524900020000540000000000
20000080000112000550000000000
20000080483144000550000000000
23267031320010000550000000000
27622210773463000550000000000
28000500011485000550000000000
28001665124409000550000000000
28002670003031000550000000000
28003170060586000550000000000
28004603016750000550000000000
28008524900037000550000000000
20000080000129000560000000000
20000080508014000560000000000
23271560000473000560000000000
27622210776495000560000000000
28000500062654000560000000000
28001665124645000560000000000
28002670003062000560000000000
28003170060593000560000000000
28004603100039000560000000000
28008645004003000560000000000
20000080000372000570000000000
20000080529200000570000000000
23272770016469000570000000000
27622210780973000570000000000
28000500119716000570000000000
28001665125758000570000000000
28002670003444000570000000000
28003170060609000570000000000
28004603100282000570000000000
28008645004249000570000000000
20000080019602000580000000000
20000080551003000580000000000
23272770097383000580000000000
27622210798787000580000000000
28000500119730000580000000000
28001665125789000580000000000
28002670003475000580000000000
28003170060616000580000000000
28004603100305000580000000000
28008645004331000580000000000
20000080019619000590000000000
20000080551010000590000000000
23273227080101000590000000000
27622210831934000590000000000
28000500136041000590000000000
28001665126595000590000000000
28002670003499000590000000000
28003170060623000590000000000
28004603100459000590000000000
28008645005253000590000000000
20000080019640000600000000000
20000080551058000600000000000
23273227080200000600000000000
27622210847980000600000000000
28000500200018000600000000000
28001665126601000600000000000
28002670003628000600000000000
28003170060654000600000000000
28004603100626000600000000000
28008645005291000600000000000
20000080025214000610000000000
20000080551072000610000000000
23273227088190000610000000000
27622210945600000610000000000
28000500200025000610000000000
28001665126618000610000000000
28002670003789000610000000000
28003170060913000610000000000
28004603100633000610000000000
28008645005376000610000000000
20000080037699000620000000000
20000080569961000620000000000
23273227581028000620000000000
27622300031985000620000000000
28000500303344000620000000000
28001665128308000620000000000
28002670005592000620000000000
28003170060920000620000000000
28004603103290000620000000000
28008645005390000620000000000
20000080037712000630000000000
20000080570301000630000000000
23273227581615000630000000000
27622300033330000630000000000
28000500342466000630000000000
28001665700382000630000000000
28002670007794000630000000000
28003170060937000630000000000
28004603103962000630000000000
28008645005703000630000000000
20000080037835000640000000000
20000080571322000640000000000
23273227583015000640000000000
27622300033378000640000000000
28000500385395000640000000000
28001665700405000640000000000
28002670007794000640000000000
28003170060944000640000000000
28004603500037000640000000000
28008645005802000640000000000
20000080037842000650000000000
20000080578116000650000000000
23273227583275000650000000000
27622300309374000650000000000
28000745300122000650000000000
28001665700504000650000000000
28002670007879000650000000000
28003170060951000650000000000
28004673110112000650000000000
28008645005826000650000000000
20000080037941000660000000000
20000080578161000660000000000
23273227585224000660000000000
27622300427580000660000000000
28000787006174000660000000000
28001665700511000660000000000
28002670007893000660000000000
28003170060968000660000000000
28004673220101000660000000000
28008645009749000660000000000
20000080037972000670000000000
20000080582250000670000000000
23273227585460000670000000000
27622300427610000670000000000
28000787006198000670000000000
28001665700689000670000000000
28002670007947000670000000000
28003170060975000670000000000
28004673220699000670000000000
28008645010899000670000000000
20000080038061000680000000000
20000080595809000680000000000
23274060053604000680000000000
27622300508661000680000000000
28000787006976000680000000000
28001665701303000680000000000
28002670008722000680000000000
28003170061897000680000000000
28004673805216000680000000000
28008645011438000680000000000
20000080038108000690000000000
20000080595816000690000000000
23276170012595000690000000000
27622300562298000690000000000
28000787006990000690000000000
28001665701310000690000000000
28002670008746000690000000000
28003170061903000690000000000
28004774000152000690000000000
28008645011452000690000000000
20000080038153000700000000000
20000080595823000700000000000
23276170020385000700000000000
27622300733087000700000000000
28000787007201000700000000000
28001665703208000700000000000
28002670008838000700000000000
28003170062269000700000000000
28004774000183000700000000000
28008645012466000700000000000
20000080038320000710000000000
20000080601135000710000000000
23289012947030000710000000000
27622300744588000710000000000
28000787007225000710000000000
28001665703994000710000000000
28002670009040000710000000000
28003170062276000710000000000
28004774000190000710000000000
28008645012480000710000000000
20000080038337000720000000000
20000080609117000720000000000
23289012947047000720000000000
28000003000443000720000000000
28000787007393000720000000000
28001665704021000720000000000
28002670012026000720000000000
28003170062450000720000000000
28004774000251000720000000000
28008645012527000720000000000
20000080038368000730000000000
20000080618614000730000000000
23307907510067000730000000000
28000003000566000730000000000
28000787007423000730000000000
28001665704144000730000000000
28002670013832000730000000000
28003170062467000730000000000
28004774005164000730000000000
28008645012565000730000000000
20000080038375000740000000000
20000080618621000740000000000
23324440148649000740000000000
28000003001167000740000000000
28000787007447000740000000000
28001665704212000740000000000
28002670013849000740000000000
28003170062474000740000000000
28004774006000000740000000000
28008645012589000740000000000
20000080038504000750000000000
20000080618638000750000000000
23324440454498000750000000000
28000003001341000750000000000
28000787007461000750000000000
28001665704236000750000000000
28002670013856000750000000000
28003170062986000750000000000
28004774006024000750000000000
28008645012961000750000000000
20000080038511000760000000000
20000080618669000760000000000
23335090012747000760000000000
28000003001471000760000000000
28000787008062000760000000000
28001665707893000760000000000
28002670013863000760000000000
28003170063075000760000000000
28004774006239000760000000000
28008645012985000760000000000
20000080038566000770000000000
20000080642473000770000000000
23336660022074000770000000000
28000003001488000770000000000
28000787008086000770000000000
28001665707909000770000000000
28002670013887000770000000000
28003170063525000770000000000
28004774010106000770000000000
28008645014866000770000000000
20000080038764000780000000000
20000080655213000780000000000
23352430000035000780000000000
28000003001594000780000000000
28000787008116000780000000000
28001665707916000780000000000
28002670013900000780000000000
28003170063549000780000000000
28004774010151000780000000000
28008645015467000780000000000
20000080038832000790000000000
20000080655244000790000000000
23366321093501000790000000000
28000003002348000790000000000
28000802022202000790000000000
28001665707930000790000000000
28002670013924000790000000000
28003170064683000790000000000
28004774010182000790000000000
28008645015481000790000000000
20000080038863000800000000000
20000080656678000800000000000
23366321093600000800000000000
28000003003352000800000000000
28000902002258000800000000000
28001665707947000800000000000
28002670013955000800000000000
28003170064706000800000000000
28004774010304000800000000000
28008645015832000800000000000
20000080038900000810000000000
20000080658061000810000000000
23366321093709000810000000000
28000003003376000810000000000
28000902002326000810000000000
28001665708272000810000000000
28002670013962000810000000000
28003170064737000810000000000
28004774011004000810000000000
28008645015955000810000000000
20000080039068000820000000000
20000080658078000820000000000
23369640035658000820000000000
28000003057362000820000000000
28000902005259000820000000000
28001665713610000820000000000
28002670017656000820000000000
28003170064973000820000000000
28004774040486000820000000000
28008645016105000820000000000
20000080052326000830000000000
20000080658085000830000000000
23369640037645000830000000000
28000005026052000830000000000
28000964103146000830000000000
28001665713627000830000000000
28002670017939000830000000000
28003170065024000830000000000
28004774050010000830000000000
28008645103850000830000000000
20000080066040000840000000000
20000080662594000840000000000
23392590204188000840000000000
28000005026403000840000000000
28001040040362000840000000000
28001665713634000840000000000
28002670017984000840000000000
28003170065680000840000000000
28004774060521000840000000000
28008645105588000840000000000
20000080069720000850000000000
20000080663645000850000000000
23392590204195000850000000000
28000005046708000850000000000
28001040092620000850000000000
28001665713641000850000000000
28002670160734000850000000000
28003170065703000850000000000
28004774070308000850000000000
28008645130894000850000000000
20000080073109000860000000000
20000080709404000860000000000
23392590204348000860000000000
28000005048504000860000000000
28001040092651000860000000000
28001665713689000860000000000
28002670160819000860000000000
28003170066137000860000000000
28004774075013000860000000000
28008645132164000860000000000
20000080073130000870000000000
20000080709428000870000000000
23412290001907000870000000000
28000005048603000870000000000
28001040418970000870000000000
28001665719957000870000000000
28002670161021000870000000000
28003170066144000870000000000
28004774177106000870000000000
28008693005571000870000000000
20000080073154000880000000000
20000080729495000880000000000
23412290011685000880000000000
28000005063743000880000000000
28001040421383000880000000000
28001665719988000880000000000
28002670161069000880000000000
28003170066151000880000000000
28004831050748000880000000000
28008693009630000880000000000
20000080073178000890000000000
20000080737230000890000000000
23412290052664000890000000000
28000005063750000890000000000
28001040422038000890000000000
28001665720007000890000000000
28002670161328000890000000000
28003170066731000890000000000
28004831062536000890000000000
28008835010128000890000000000
20000080073192000900000000000
20000080737490000900000000000
23412290055603000900000000000
28000005063767000900000000000
28001060021969000900000000000
28001665720038000900000000000
28002670162509000900000000000
28003170066748000900000000000
28004983001766000900000000000
28008835100201000900000000000
20000080073260000910000000000
20000080737506000910000000000
23412290055610000910000000000
28000005063774000910000000000
28001060026087000910000000000
28001665720045000910000000000
28002670162981000910000000000
28003170066755000910000000000
28004983001773000910000000000
28009132000065000910000000000
20000080073277000920000000000
20000080737513000920000000000
23412290090253000920000000000
28000005063798000920000000000
28001060026490000920000000000
28001665723084000920000000000
28002670163094000920000000000
28003170066779000920000000000
28004983001933000920000000000
28009132000089000920000000000
20000080073291000930000000000
20000080765653000930000000000
23417881230247000930000000000
28000005202654000930000000000
28001060028739000930000000000
28001665723091000930000000000
28002670163100000930000000000
28003170069312000930000000000
28004983001940000930000000000
28009132000102000930000000000
20000080073307000940000000000
20000080766810000940000000000
23417881230490000940000000000
28000005350010000940000000000
28001060034211000940000000000
28001665726368000940000000000
28002670163179000940000000000
28003170070233000940000000000
28004983001964000940000000000
28009132001024000940000000000
20000080073550000950000000000
20000080766834000950000000000
23428380002549000950000000000
28000005350218000950000000000
28001060037847000950000000000
28001665726399000950000000000
28002670163360000950000000000
28003170070264000950000000000
28004983002343000950000000000
28009262000102000950000000000
20000080769804000960000000000
23428380003843000960000000000
28000005350416000960000000000
28001060037861000960000000000
28001742002460000960000000000
28002670163414000960000000000
28003170070271000960000000000
28004983002381000960000000000
28009275002308000960000000000
20000080769897000970000000000
23469370007243000970000000000
28000239000002000970000000000
28001060037878000970000000000
28001790003570000970000000000
28002670163421000970000000000
28003170070318000970000000000
28004983002732000970000000000
28009320026235000970000000000
20000080784227000980000000000
23469370008448000980000000000
28000239301505000980000000000
28001060037892000980000000000
28001790442065000980000000000
28002670163704000980000000000
28003170070332000980000000000
28004983002749000980000000000
28009320030485000980000000000
20000080784234000990000000000
23469370009995000990000000000
28000262000024000990000000000
28001060039421000990000000000
28001790442089000990000000000
28002670163728000990000000000
28003170070844000990000000000
28004983005450000990000000000
28009320038627000990000000000
20000080784272001000000000000
23469370010069001000000000000
28000262000215001000000000000
28001060039438001000000000000
28001790442096001000000000000
28002670163735001000000000000
28003170070851001000000000000
28004983005474001000000000000
28009320038634001000000000000
20000080788676001010000000000
23469370010489001010000000000
28000298000357001010000000000
28001060040168001010000000000
28001790443178001010000000000
28002670163940001010000000000
28003170070868001010000000000
28004983005481001010000000000
28009320042273001010000000000
20000080790105001020000000000
23480341001411001020000000000
28000298000647001020000000000
28001060040175001020000000000
28001790444199001020000000000
28002670163964001020000000000
28003170070875001020000000000
28004983005498001020000000000
28009344100782001020000000000
20000080790785001030000000000
23480341002883001030000000000
28000298000777001030000000000
28001115000239001030000000000
28001790444229001030000000000
28002670164473001030000000000
28003170070882001030000000000
28004983005900001030000000000
28009344100973001030000000000
20000080791539001040000000000
23480341003507001040000000000
28000298002993001040000000000
28001115000321001040000000000
28001913000172001040000000000
28002670164480001040000000000
28003170070899001040000000000
28004983006167001040000000000
28009344101239001040000000000
20000080791553001050000000000
23480347170609001050000000000
28000298004966001050000000000
28001115000345001050000000000
28001913003142001050000000000
28002670164800001050000000000
28003170070905001050000000000
28004983006181001050000000000
28009474141778001050000000000
20000080794110001060000000000
23492847812002001060000000000
28000298008025001060000000000
28001115000482001060000000000
28001913003258001060000000000
28002670164817001060000000000
28003170070912001060000000000
28004983006303001060000000000
28009511010418001060000000000
20000080798880001070000000000
23499070510606001070000000000
28000298008032001070000000000
28001115047166001070000000000
28001913003289001070000000000
28002670164862001070000000000
28003170070929001070000000000
28005219103919001070000000000
28009867000828001070000000000
20000080813736001080000000000
23516660021226001080000000000
28000298008148001080000000000
28001115067348001080000000000
28001913008413001080000000000
28002670164879001080000000000
28003170070974001080000000000
28005219104008001080000000000
28009867001191001080000000000
20000080816119001090000000000
23564700014639001090000000000
28000298008155001090000000000
28001115067614001090000000000
28001941010068001090000000000
28002670164886001090000000000
28003170073326001090000000000
28005350021202001090000000000
28009867001207001090000000000
20000080843962001100000000000
23564700014745001100000000000
28000298009084001100000000000
28001115247023001100000000000
28001941010075001100000000000
28002670164893001100000000000
28003170073418001100000000000
28005350021219001100000000000
28010053005848001100000000000
20000080848431001110000000000
23564700021682001110000000000
28000298009107001110000000000
28001115307611001110000000000
28001941010099001110000000000
28002670165067001110000000000
28003170073753001110000000000
28005350021233001110000000000
28010053005909001110000000000
20000080870210001120000000000
23564700083642001120000000000
28000298009121001120000000000
28001115497305001120000000000
28001941010105001120000000000
28002670165104001120000000000
28003170073760001120000000000
28005350021240001120000000000
28010053009792001120000000000
20000080872221001130000000000
23564700338179001130000000000
28000298009534001130000000000
28001115607278001130000000000
28001941010112001130000000000
28002670165258001130000000000
28003170074019001130000000000
28005350021400001130000000000
28010053010965001130000000000
20000080921646001140000000000
23564700356302001140000000000
28000298009541001140000000000
28001115667647001140000000000
28001941010129001140000000000
28002670165289001140000000000
28003170074026001140000000000
28005350021417001140000000000
28010053015991001140000000000
20000080938620001150000000000
23564700438152001150000000000
28000298009596001150000000000
28001115674300001150000000000
28001941011065001150000000000
28002670165296001150000000000
28003170075917001150000000000
28005350021431001150000000000
28010053016073001150000000000
20000080967552001160000000000
23564700473153001160000000000
28000300137651001160000000000
28001115674799001160000000000
28001941020067001160000000000
28002670165302001160000000000
28003170076501001160000000000
28005350021707001160000000000
28010053017254001160000000000
20000080994510001170000000000
23564700598245001170000000000
28000300155877001170000000000
28001115677615001170000000000
28001941020074001170000000000
28002670165319001170000000000
28003170076518001170000000000
28005350070316001170000000000
28010053023644001170000000000
20000080994565001180000000000
23564700611807001180000000000
28000300197594001180000000000
28001115764612001180000000000
28001941020104001180000000000
28002670165357001180000000000
28003170076525001180000000000
28005350070422001180000000000
28010053023651001180000000000
20000080998037001190000000000
23614070059362001190000000000
28000300197600001190000000000
28001115931861001190000000000
28001941030066001190000000000
28002670165456001190000000000
28003170077133001190000000000
28005350071979001190000000000
28010053023668001190000000000
20000092871014001200000000000
23660007002901001200000000000
28000300254464001200000000000
28001120927613001200000000000
28001941031063001200000000000
28002670165463001200000000000
28003170077393001200000000000
28005350071986001200000000000
28010053026942001200000000000
22197360024093001210000000000
23700443629987001210000000000
28000300281415001210000000000
28001174918612001210000000000
28001941040102001210000000000
28002670165531001210000000000
28003170077492001210000000000
28005350307238001210000000000
28010053029288001210000000000
22303170057705001220000000000
23700443637500001220000000000
28000300301922001220000000000
28001210010034001220000000000
28001941453636001220000000000
28002670165555001220000000000
28003170077621001220000000000
28005350310115001220000000000
28010053029295001220000000000
22316620006482001230000000000
23760112650360001230000000000
28000300301946001230000000000
28001210010775001230000000000
28002004066145001230000000000
28002670165562001230000000000
28003170077638001230000000000
28005350310139001230000000000
28010053030703001230000000000
23023290003305001240000000000
23760228210670001240000000000
28000300301960001240000000000
28001210011031001240000000000
28002004215079001240000000000
28002670165579001240000000000
28003170077645001240000000000
28005350311624001240000000000
28010053030710001240000000000
23023290007006001250000000000
23760228211790001250000000000
28000300308099001250000000000
28001230049540001250000000000
28002004217554001250000000000
28002670165586001250000000000
28003170077669001250000000000
28005350311969001250000000000
28010053033414001250000000000
23023290007037001260000000000
23760228211837001260000000000
28000300316810001260000000000
28001230049748001260000000000
28002004284020001260000000000
28002670165708001260000000000
28003170077683001260000000000
28005350311976001260000000000
28010053047428001260000000000
23023290007839001270000000000
23760228211875001270000000000
28000300320251001270000000000
28001230049861001270000000000
28002004315076001270000000000
28002670165715001270000000000
28003170077690001270000000000
28005350312010001270000000000
28010053047435001270000000000
23023290007860001280000000000
23760228212209001280000000000
28000300320275001280000000000
28001230049977001280000000000
28002004437259001280000000000
28002670166316001280000000000
28003170077942001280000000000
28005350312720001280000000000
28010053047442001280000000000
23023290012079001290000000000
23760228212230001290000000000
28000300338362001290000000000
28001230050171001290000000000
28002011000408001290000000000
28002670171136001290000000000
28003170078185001290000000000
28005350312843001290000000000
28010053047459001290000000000
23023290026366001300000000000
23760228213008001300000000000
28000300345575001300000000000
28001230050461001300000000000
28002381000091001300000000000
28002670171211001300000000000
28003170078192001300000000000
28005350313864001300000000000
28010053047510001300000000000
23023290031230001310000000000
23760228213015001310000000000
28000300345643001310000000000
28001230051406001310000000000
28002381000114001310000000000
28002670171228001310000000000
28003170078208001310000000000
28005350314236001310000000000
28010053047619001310000000000
23023290032473001320000000000
23760228213084001320000000000
28000300353518001320000000000
28001230096872001320000000000
28002381002026001320000000000
28002670171235001320000000000
28003170078215001320000000000
28005350317015001320000000000
28010053081903001320000000000
23023290035351001330000000000
23760228213091001330000000000
28000300356281001330000000000
28001230097121001330000000000
28002381004020001330000000000
28002670172003001330000000000
28003170078253001330000000000
28005350317022001330000000000
28010053089282001330000000000
23023290044711001340000000000
24000400019202001340000000000
28000300364804001340000000000
28001230097312001340000000000
28002381006703001340000000000
28002670172164001340000000000
28003170078369001340000000000
28005350317039001340000000000
28010184001351001340000000000
23023290049761001350000000000
24006402010100001350000000000
28000300365665001350000000000
28001230098517001350000000000
28002554003393001350000000000
28002670172195001350000000000
28003170078376001350000000000
28005350320060001350000000000
28010184008015001350000000000
23023290054307001360000000000
24006402025159001360000000000
28000300367737001360000000000
28001230197074001360000000000
28002580000823001360000000000
28002670172218001360000000000
28003170078383001360000000000
28005350320459001360000000000
28010494001041001360000000000
23023290054369001370000000000
24006402025456001370000000000
28000300367751001370000000000
28001230197098001370000000000
28002580000830001370000000000
28002670200010001370000000000
28003170078499001370000000000
28005350320466001370000000000
28010494001218001370000000000
23023290061329001380000000000
24006402030245001380000000000
28000300367973001380000000000
28001230197456001380000000000
28002580000847001380000000000
28002670200317001380000000000
28003170078710001380000000000
28005420128022001380000000000
28010494001348001380000000000
23023290062364001390000000000
24006402030382001390000000000
28000300367997001390000000000
28001230197500001390000000000
28002580001639001390000000000
28002670200324001390000000000
28003170078734001390000000000
28005420128053001390000000000
28010721000700001390000000000
23023290062395001400000000000
24006402031075001400000000000
28000300368758001400000000000
28001230197784001400000000000
28002580001646001400000000000
28002670200416001400000000000
28003170078888001400000000000
28005420544419001400000000000
28010721002148001400000000000
23023290062425001410000000000
24006402031242001410000000000
28000300374421001410000000000
28001344021593001410000000000
28002580003206001410000000000
28002670500318001410000000000
28003170080041001410000000000
28005420547342001410000000000
28010721002155001410000000000
23023290062920001420000000000
24006402038289001420000000000
28000300378870001420000000000
28001344024891001420000000000
28002580003657001420000000000
28002670500325001420000000000
28003170080058001420000000000
28005420558416001420000000000
28010721002216001420000000000
23023290063316001430000000000
24006402100542001430000000000
28000300379174001430000000000
28001589000407001430000000000
28002580004296001430000000000
28002670500530001430000000000
28003170080065001430000000000
28005481689500001430000000000
28010721976920001430000000000
23023290063385001440000000000
24008400191423001440000000000
28000300394115001440000000000
28001610927376001440000000000
28002580004760001440000000000
28002670501032001440000000000
28003170080072001440000000000
28005481689555001440000000000
28010721976944001440000000000
23023290063408001450000000000
24008400290423001450000000000
28000300396157001450000000000
28001630003616001450000000000
28002580004777001450000000000
28002670504019001450000000000
28003170080140001450000000000
28005675003884001450000000000
28010721976968001450000000000
23023290076361001460000000000
24008400290829001460000000000
28000300406849001460000000000
28001630003852001460000000000
28002580004982001460000000000
28002670504262001460000000000
28003170080171001460000000000
28005675004089001460000000000
28010721976982001460000000000
23023290081976001470000000000
24008400370521001470000000000
28000300409819001470000000000
28001630003968001470000000000
28002580007358001470000000000
28002670506808001470000000000
28003170080188001470000000000
28005675004577001470000000000
28010721977002001470000000000
23023290082041001480000000000
24008400551920001480000000000
28000300412703001480000000000
28001630003975001480000000000
28002580007365001480000000000
28002710402879001480000000000
28003170080218001480000000000
28005675004584001480000000000
28010721977026001480000000000
23023290206881001490000000000
24021600604524001490000000000
28000300413106001490000000000
28001630003982001490000000000
28002580007372001490000000000
28002732105178001490000000000
28003170080386001490000000000
28005675004645001490000000000
28010721977040001490000000000
23023290210475001500000000000
24025500001001001500000000000
28000300419153001500000000000
28001630005078001500000000000
28002580007389001500000000000
28002732105185001500000000000
28003170080577001500000000000
28005675004706001500000000000
28010721977965001500000000000
23023290210482001510000000000
24025500001377001510000000000
28000300419177001510000000000
28001630005146001510000000000
28002580007396001510000000000
28002760000100001510000000000
28003170080584001510000000000
28005675006328001510000000000
28010721978160001510000000000
23023290220573001520000000000
24025500002275001520000000000
28000381000172001520000000000
28001630005207001520000000000
28002580007877001520000000000
28002760000445001520000000000
28003170080591001520000000000
28005675006816001520000000000
28010721979709001520000000000
23023290231302001530000000000
24025500005009001530000000000
28000415000116001530000000000
28001630005214001530000000000
28002580007969001530000000000
28002760000919001530000000000
28003170081376001530000000000
28005675006823001530000000000
28010721981078001530000000000
23023290458549001540000000000
24025500006532001540000000000
28000415000628001540000000000
28001630005221001540000000000
28002580007976001540000000000
28002762000108001540000000000
28003170084667001540000000000
28005675010110001540000000000
28010721981511001540000000000
23023290624395001550000000000
24025500020033001550000000000
28000415000918001550000000000
28001630005238001550000000000
28002580008195001550000000000
28002790006486001550000000000
28003170085206001550000000000
28005675011100001550000000000
28010721982860001550000000000
23023290662311001560000000000
24025500102203001560000000000
28000415001465001560000000000
28001630005429001560000000000
28002580008676001560000000000
28002790008411001560000000000
28003170085497001560000000000
28005675011117001560000000000
28010721983751001560000000000
23023290719206001570000000000
24025500105341001570000000000
28000430030082001570000000000
28001630005467001570000000000
28002580008683001570000000000
28002790008428001570000000000
28003170086548001570000000000
28005675011155001570000000000
28010721983782001570000000000
24025500119041001580000000000
28000430030099001580000000000
28001630005542001580000000000
28002580008997001580000000000
28002790013774001580000000000
28003170086555001580000000000
28005675014019001580000000000
28010721984604001580000000000
24025500119065001590000000000
28000430030129001590000000000
28001630005573001590000000000
28002580009000001590000000000
28002790014740001590000000000
28003170086562001590000000000
28005675014026001590000000000
28010721984611001590000000000
24025500140212001600000000000
28000430030136001600000000000
28001630005580001600000000000
28002580009437001600000000000
28002790015044001600000000000
28003170086661001600000000000
28005710007211001600000000000
28010721985335001600000000000
24025500140274001610000000000
28000430030143001610000000000
28001630005603001610000000000
28002580009451001610000000000
28002790015051001610000000000
28003170086678001610000000000
28005710022719001610000000000
28010721985649001610000000000
24025500151720001620000000000
28000430030228001620000000000
28001630005610001620000000000
28002580009574001620000000000
28002790015594001620000000000
28003170086760001620000000000
28005710042687001620000000000
28010721985847001620000000000
24025500165314001630000000000
28000430030280001630000000000
28001630005627001630000000000
28002580009758001630000000000
28002790047472001630000000000
28003170086777001630000000000
28005834001614001630000000000
28010721985854001630000000000
24025500165338001640000000000
28000430032529001640000000000
28001630005634001640000000000
28002580009765001640000000000
28002790047526001640000000000
28003170086807001640000000000
28005843005580001640000000000
28010721986073001640000000000
24025500165352001650000000000
28000430058420001650000000000
28001630005696001650000000000
28002580010402001650000000000
28002790048684001650000000000
28003170086814001650000000000
28005843026974001650000000000
28010721987827001650000000000
24025500176709001660000000000
28000430070415001660000000000
28001630005719001660000000000
28002580010709001660000000000
28002790059192001660000000000
28003170086906001660000000000
28005843046408001660000000000
28010721988152001660000000000
24025500194123001670000000000
28000430070514001670000000000
28001630005771001670000000000
28002580010716001670000000000
28002790067753001670000000000
28003170086913001670000000000
28005843046415001670000000000
28010721988176001670000000000
24025500194628001680000000000
28000430070774001680000000000
28001630005979001680000000000
28002580012284001680000000000
28002790068194001680000000000
28003170086999001680000000000
28005843046446001680000000000
28010721988336001680000000000
24025500194642001690000000000
28000430070798001690000000000
28001630006327001690000000000
28002580014431001690000000000
28002790069405001690000000000
28003170087002001690000000000
28005843046484001690000000000
28010721988350001690000000000
24025500204914001700000000000
28000430070804001700000000000
28001630006532001700000000000
28002580014448001700000000000
28002790071408001700000000000
28003170087019001700000000000
28005843046736001700000000000
28010721989319001700000000000
24025500204938001710000000000
28000430070811001710000000000
28001630006549001710000000000
28002580014509001710000000000
28002790073266001710000000000
28003170087026001710000000000
28005843046941001710000000000
28010721990285001710000000000
24025500204952001720000000000
28000430070835001720000000000
28001630006921001720000000000
28002580015735001720000000000
28002790076373001720000000000
28003170087071001720000000000
28005843046965001720000000000
28010721990445001720000000000
24025500205072001730000000000
28000430070859001730000000000
28001630006938001730000000000
28002580015926001730000000000
28002790077585001730000000000
28003170087088001730000000000
28005843074012001730000000000
28010721990926001730000000000
24025500208707001740000000000
28000430070873001740000000000
28001630007263001740000000000
28002580015957001740000000000
28002790078452001740000000000
28003170087095001740000000000
28005843075019001740000000000
28010721990988001740000000000
24025500208820001750000000000
28000430070880001750000000000
28001630007973001750000000000
28002790078490001750000000000
28003170087101001750000000000
28005843076016001750000000000
28010721991251001750000000000
24025500259921001760000000000
28000430070897001760000000000
28001630008697001760000000000
28002790078759001760000000000
28003170087132001760000000000
28005843093600001760000000000
28010721991374001760000000000
24025500260026001770000000000
28000430070927001770000000000
28001630008703001770000000000
28002790083692001770000000000
28003170087149001770000000000
28005843093846001770000000000
28010721992333001770000000000
24025500260040001780000000000
28000430076011001780000000000
28001630008826001780000000000
28002790084071001780000000000
28003170088078001780000000000
28005960510943001780000000000
28010721992494001780000000000
24025500260095001790000000000
28000430130416001790000000000
28001630008833001790000000000
28002790084132001790000000000
28003170088290001790000000000
28005960510967001790000000000
28010721993095001790000000000
24025500273590001800000000000
28000430130812001800000000000
28001630008840001800000000000
28002790191915001800000000000
28003170088412001800000000000
28005960510974001800000000000
28010721996812001800000000000
24025500274122001810000000000
28000430131574001810000000000
28001630009021001810000000000
28002790286055001810000000000
28003170088658001810000000000
28005960511391001810000000000
28010721996836001810000000000
24025500275044001820000000000
28000430132410001820000000000
28001630009045001820000000000
28002790582027001820000000000
28003170088726001820000000000
28005960512220001820000000000
28010721997215001820000000000
24025500275068001830000000000
28000430132519001830000000000
28001630009052001830000000000
28002790731043001830000000000
28003170089358001830000000000
28005960512251001830000000000
28010721998120001830000000000
24025500280963001840000000000
28000430133103001840000000000
28001630009076001840000000000
28002790732163001840000000000
28003170089396001840000000000
28005960512336001840000000000
28010721998274001840000000000
24025500280987001850000000000
28000430133189001850000000000
28001630009168001850000000000
28002790733160001850000000000
28003170089402001850000000000
28005960512381001850000000000
28010721998342001850000000000
24025500281069001860000000000
28000430133455001860000000000
28001630009175001860000000000
28002790736468001860000000000
28003170090088001860000000000
28006040000477001860000000000
28010721998465001860000000000
24025500281083001870000000000
28000430134681001870000000000
28001630009199001870000000000
28002795000564001870000000000
28003170090095001870000000000
28006040000484001870000000000
28010721999738001870000000000
24025500281106001880000000000
28000430134797001880000000000
28001630009212001880000000000
28002974026293001880000000000
28003170090101001880000000000
28006040200013001880000000000
28010721999776001880000000000
24025500283599001890000000000
28000430138610001890000000000
28001630009298001890000000000
28002974036612001890000000000
28003170090118001890000000000
28006040200020001890000000000
28010739017868001890000000000
24025500283612001900000000000
28000430138689001900000000000
28001630009304001900000000000
28003000616105001900000000000
28003170090132001900000000000
28006040245007001900000000000
28010739213246001900000000000
24025500283735001910000000000
28000430138696001910000000000
28001630009328001910000000000
28003000616204001910000000000
28003170090446001910000000000
28006040245052001910000000000
28010749000119001910000000000
24025500289386001920000000000
28000430138795001920000000000
28001630009397001920000000000
28003000623011001920000000000
28003170091184001920000000000
28006040255273001920000000000
28010749100611001920000000000
24027061252205001930000000000
28000430138832001930000000000
28001630009410001930000000000
28003000623110001930000000000
28003170091191001930000000000
28006040255280001930000000000
28010749101144001930000000000
24027061252601001940000000000
28001630009427001940000000000
28003000624407001940000000000
28003170091214001940000000000
28006040257055001940000000000
28010749101410001940000000000
24040600146100001950000000000
28001630009434001950000000000
28003000625015001950000000000
28003170091221001950000000000
28006040259066001950000000000
28010749101939001950000000000
24751035430756001960000000000
28001630009458001960000000000
28003000625114001960000000000
28003170091238001960000000000
28006040259080001960000000000
28010749102073001960000000000
25011069171322001970000000000
28001630009700001970000000000
28003000625312001970000000000
28003170091245001970000000000
28006040259097001970000000000
28010795000071001970000000000
25012004003128001980000000000
28001630009816001980000000000
28003000625817001980000000000
28003170091252001980000000000
28006040414069001980000000000
28010795000361001980000000000
25060011702084001990000000000
28001630009939001990000000000
28003000625916001990000000000
28003170091511001990000000000
28006040414120001990000000000
28010795000477001990000000000
25060011702091002000000000000
28001630009946002000000000000
28003000626814002000000000000
28003170092082002000000000000
28006040414168002000000000000
28010795000484002000000000000
25060011702398002010000000000
28001630009960002010000000000
28003000626913002010000000000
28003170092099002010000000000
28006040417008002010000000000
28010795001207002010000000000
25060011702404002020000000000
28001630009977002020000000000
28003000628016002020000000000
28003170092457002020000000000
28006040417015002020000000000
28010795001238002020000000000
25060107460041002030000000000
28001630010010002030000000000
28003000628115002030000000000
28003170092464002030000000000
28006040417022002030000000000
28010795001597002030000000000
25060107460133002040000000000
28001630010041002040000000000
28003000628313002040000000000
28003170093089002040000000000
28006040417039002040000000000
28010795001634002040000000000
25060153380478002050000000000
28001630010058002050000000000
28003000631115002050000000000
28003170093096002050000000000
28006040417046002050000000000
28010795002068002050000000000
25060201990796002060000000000
28001630010218002060000000000
28003000631214002060000000000
28003170093102002060000000000
28006223254024002060000000000
28010795002075002060000000000
25060201998587002070000000000
28001630010232002070000000000
28003013045510002070000000000
28003170093119002070000000000
28006223254116002070000000000
28010795002525002070000000000
25060640700024002080000000000
28001630010379002080000000000
28003039000470002080000000000
28003170093133002080000000000
28006346002007002080000000000
28010795002617002080000000000
25201054015124002090000000000
28001630010386002090000000000
28003039000531002090000000000
28003170093164002090000000000
28006346002106002090000000000
28010795002624002090000000000
25201054015452002100000000000
28001630010478002100000000000
28003039009114002100000000000
28003170093171002100000000000
28006346002205002100000000000
28010795006202002100000000000
25201054015667002110000000000
28001630010492002110000000000
28003039010677002110000000000
28003170094253002110000000000
28006473903079002110000000000
28010795006219002110000000000
25201054016305002120000000000
28001630010515002120000000000
28003039012251002120000000000
28003170094260002120000000000
28006473903093002120000000000
28010795006226002120000000000
25201054016503002130000000000
28001630010522002130000000000
28003039013951002130000000000
28003170094673002130000000000
28006702561162002130000000000
28010817003004002130000000000
25201054016527002140000000000
28001630010560002140000000000
28003039014347002140000000000
28003170094680002140000000000
28006763002697002140000000000
28010861003678002140000000000
25201054016534002150000000000
28001630010577002150000000000
28003039014439002150000000000
28003170094864002150000000000
28006763008200002150000000000
28010861006242002150000000000
25201054016541002160000000000
28001630010614002160000000000
28003039014583002160000000000
28003170094871002160000000000
28006763008217002160000000000
28010883000723002160000000000
25201054017111002170000000000
28001630010775002170000000000
28003039014699002170000000000
28003170094895002170000000000
28006763008224002170000000000
28010883002680002170000000000
25201054017128002180000000000
28001630010782002180000000000
28003039014811002180000000000
28003170095434002180000000000
28006763008231002180000000000
28010883002925002180000000000
25201054017135002190000000000
28001630010836002190000000000
28003039014859002190000000000
28003170096004002190000000000
28006763008477002190000000000
25201054017616002200000000000
28001630010904002200000000000
28003039014910002200000000000
28003170096110002200000000000
28006763008484002200000000000
25201054017623002210000000000
28001630010911002210000000000
28003039015283002210000000000
28003170096127002210000000000
28007059215104002210000000000
25201054017630002220000000000
28001630010959002220000000000
28003039016426002220000000000
28003170096134002220000000000
28007141003657002220000000000
25201054017715002230000000000
28003039016433002230000000000
28003170096141002230000000000
28007141003695002230000000000
25201054022443002240000000000
28003039016440002240000000000
28003170096158002240000000000
28007141003701002240000000000
25201054022580002250000000000
28003039016877002250000000000
28003170096165002250000000000
28007141007709002250000000000
25201054022825002260000000000
28003039016891002260000000000
28003170096172002260000000000
28007141103869002260000000000
25201054023242002270000000000
28003160000868002270000000000
28003170096257002270000000000
28007141103876002270000000000
25201054023389002280000000000
28003160005870002280000000000
28003170096721002280000000000
28007141503997002280000000000
25201054024119002290000000000
28003160005887002290000000000
28003170096738002290000000000
28007141509715002290000000000
25201054024126002300000000000
28003160005894002300000000000
28003170096745002300000000000
28007141509739002300000000000
25201054024133002310000000000
28003160009151002310000000000
28003170096790002310000000000
28007141511428002310000000000
25201054024140002320000000000
28003160009168002320000000000
28003170097223002320000000000
28007141511442002320000000000
25201054024614002330000000000
28003160009199002330000000000
28003170097230002330000000000
28007141513569002330000000000
25201054024621002340000000000
28003160011956002340000000000
28003170097247002340000000000
28007141513606002340000000000
25201054035313002350000000000
28003160012779002350000000000
28003170097254002350000000000
28007141514689002350000000000
25201054035320002360000000000
28003160013660002360000000000
28003170097360002360000000000
28007141514696002360000000000
25201054035337002370000000000
28003160013677002370000000000
28003170097377002370000000000
28007141515693002370000000000
25201054035344002380000000000
28003160013875002380000000000
28003170098183002380000000000
28007141516812002380000000000
25201054035368002390000000000
28003160013882002390000000000
28003170098190002390000000000
28007141516836002390000000000
25201054035382002400000000000
28003160013899002400000000000
28003170098206002400000000000
28007141516942002400000000000
25201054035405002410000000000
28003160013974002410000000000
28003170098244002410000000000
28007141519967002410000000000
25201054035412002420000000000
28003160017569002420000000000
28003170098251002420000000000
28007141520000002420000000000
25201054036174002430000000000
28003160018115002430000000000
28003170098268002430000000000
28007141520048002430000000000
25201054036426002440000000000
28003160018825002440000000000
28003170098275002440000000000
28007141520147002440000000000
25201054036440002450000000000
28003160018856002450000000000
28003170098282002450000000000
28007222205758002450000000000
25201054036464002460000000000
28003160019174002460000000000
28003170098299002460000000000
28007222405462002460000000000
25201054036594002470000000000
28003160020200002470000000000
28003170098305002470000000000
28007222405509002470000000000
25201054036648002480000000000
28003160020217002480000000000
28003170098558002480000000000
28007222405639002480000000000
25201054036655002490000000000
28003160022389002490000000000
28003170098565002490000000000
28007222502215002490000000000
25201054036662002500000000000
28003160022396002500000000000
28003170098862002500000000000
28007222502437002500000000000
25201054036679002510000000000
28003160022808002510000000000
28003170098879002510000000000
28007222502666002510000000000
25201054036686002520000000000
28003160025632002520000000000
28003170100640002520000000000
28007222503069002520000000000
25201054037119002530000000000
28003160034245002530000000000
28003170202276002530000000000
28007222806054002530000000000
25201054037126002540000000000
28003160035969002540000000000
28003170410091002540000000000
28007490031219002540000000000
25201054037133002550000000000
28003160035983002550000000000
28003170410107002550000000000
28007490031257002550000000000
25201054037140002560000000000
28003160036089002560000000000
28003170600003002560000000000
28007490031301002560000000000
25201054037157002570000000000
28003160040734002570000000000
28003170600010002570000000000
28007490031332002570000000000
25201054037164002580000000000
28003160040741002580000000000
28003170600027002580000000000
28007490031349002580000000000
25201054037171002590000000000
28003160043827002590000000000
28003170777088002590000000000
28007490039949002590000000000
25201054037188002600000000000
28003160043834002600000000000
28003518105269002600000000000
28007490039956002600000000000
25201054037201002610000000000
28003160044916002610000000000
28003690712316002610000000000
28007490040952002610000000000
25201054037218002620000000000
28003160045098002620000000000
28003690713986002620000000000
28007490041119002620000000000
25201054037225002630000000000
28003160053062002630000000000
28003690715485002630000000000
28007490041287002630000000000
25201054037249002640000000000
28003160057107002640000000000
28003938008058002640000000000
28007490041294002640000000000
25201054055403002650000000000
28003160067298002650000000000
28003938008102002650000000000
28007490041737002650000000000
25201054055410002660000000000
28003160079161002660000000000
28003938008447002660000000000
28007490041812002660000000000
25201054055427002670000000000
28003160082307002670000000000
28003938009024002670000000000
28007490042048002670000000000
25201054055434002680000000000
28003160086862002680000000000
28003948000165002680000000000
28007490051149002680000000000
25201054055441002690000000000
28003160410179002690000000000
28003948000691002690000000000
28007490051163002690000000000
25201054055465002700000000000
28003160410223002700000000000
28003948000714002700000000000
28007490051187002700000000000
25201054056509002710000000000
28003160410339002710000000000
28003948002923002710000000000
28007490051194002710000000000
25201054056523002720000000000
28003160410377002720000000000
28003948005023002720000000000
28007490051200002720000000000
25201054056530002730000000000
28003160410384002730000000000
28003948005047002730000000000
28007490051231002730000000000
25201083092547002740000000000
28003160771041002740000000000
28003955101022002740000000000
28007490051248002740000000000
25201083300277002750000000000
28003160772673002750000000000
28007490051255002750000000000
25201083311556002760000000000
28003160772680002760000000000
28007658001009002760000000000
25201083329582002770000000000
28003160777692002770000000000
28007660011355002770000000000
25201083329605002780000000000
28003160777708002780000000000
28007660011362002780000000000
25201083333268002790000000000
28003160777715002790000000000
28007660011379002790000000000
25201083334739002800000000000
28003160777722002800000000000
28007660020104002800000000000
25201083337129002810000000000
28003170001619002810000000000
28007660020203002810000000000
25201083337310002820000000000
28003170003620002820000000000
28007660020401002820000000000
25201083338454002830000000000
28003170004658002830000000000
28007660020708002830000000000
25201083346428002840000000000
28003170005136002840000000000
28007660021101002840000000000
25201083346435002850000000000
28003170005860002850000000000
28007660177624002850000000000
25202390016981002860000000000
28003170006270002860000000000
28007660177723002860000000000
25202390020407002870000000000
28003170006287002870000000000
28007660189009002870000000000
25202390021121002880000000000
28003170006416002880000000000
28007660189108002880000000000
25202425000022002890000000000
28003170006454002890000000000
28007660221624002890000000000
25411188099154002900000000000
28003170006461002900000000000
28007660221723002900000000000
25411188103387002910000000000
28003170006478002910000000000
28007660226322002910000000000
25411188118961002920000000000
28003170006546002920000000000
28007660286128002920000000000
25411188119098002930000000000
28003170006553002930000000000
28007660286227002930000000000
25411188121800002940000000000
28003170006560002940000000000
28007660391716002940000000000
25411188123750002950000000000
28003170006577002950000000000
28007660453223002950000000000
25411188128892002960000000000
28003170007154002960000000000
28007660453322002960000000000
25411188128939002970000000000
28003170007161002970000000000
28007660486634002970000000000
25411188131458002980000000000
28003170007178002980000000000
28007660489413002980000000000
25411188134473002990000000000
28003170008557002990000000000
28007660500002002990000000000
25411188138525003000000000000
28003170008564003000000000000
28007660502402003000000000000
25411188513483003010000000000
28003170008571003010000000000
28007660747612003010000000000
25412929001221003020000000000
28003170009424003020000000000
28007660747919003020000000000
25413203080109003030000000000
28003170012042003030000000000
28007660838426003030000000000
25413203080116003040000000000
28003170012059003040000000000
28007660900062003040000000000
25701322880770003050000000000
28003170012097003050000000000
28007660900079003050000000000
25701785190935003060000000000
28003170014473003060000000000
28007660907207003060000000000
25701785300990003070000000000
28003170014480003070000000000
28007660907870003070000000000
25701785341108003080000000000
28003170015036003080000000000
28007660915530003080000000000
25701785351107003090000000000
28003170016033003090000000000
28007660924013003090000000000
25701785401109003100000000000
28003170016040003100000000000
28007660931998003100000000000
25703820503304003110000000000
28003170016293003110000000000
28007735001205003110000000000
25711953023972003120000000000
28003170016705003120000000000
28007735001700003120000000000
25711953077937003130000000000
28003170016712003130000000000
28007735001809003130000000000
25711953095528003140000000000
28003170017634003140000000000
28007735001908003140000000000
25733889019546003150000000000
28003170017702003150000000000
28007735002301003150000000000
25740900030305003160000000000
28003170018907003160000000000
28007735002400003160000000000
25760466920490003170000000000
28003170018914003170000000000
28007735002806003170000000000
25760466920537003180000000000
28003170020702003180000000000
28007735003407003180000000000
25760466995856003190000000000
28003170021525003190000000000
28007735003506003190000000000
25902627490149003200000000000
28003170021532003200000000000
28007735004800003200000000000
25902627490170003210000000000
28003170021549003210000000000
28007735004909003210000000000
25902627490187003220000000000
28003170021600003220000000000
28007735005203003220000000000
25902627490293003230000000000
28003170021648003230000000000
28007735005302003230000000000
25902627492099003240000000000
28003170021662003240000000000
28007735005401003240000000000
25902627495250003250000000000
28003170022737003250000000000
28007735005906003250000000000
25902627495298003260000000000
28003170022942003260000000000
28007735007405003260000000000
27010101001007003270000000000
28003170023543003270000000000
28007735007504003270000000000
28003170023574003280000000000
28007735102001003280000000000
28003170023581003290000000000
28007735190725003290000000000
28003170023598003300000000000
28007735193306003300000000000
28003170023635003310000000000
28007735193511003310000000000
28003170023642003320000000000
28007735193726003320000000000
28003170023673003330000000000
28007735194587003330000000000
28003170023734003340000000000
28007735194907003340000000000
28003170023741003350000000000
28007735194983003350000000000
28003170023758003360000000000
28007735195027003360000000000
28003170024106003370000000000
28007735195799003370000000000
28003170024304003380000000000
28007735196185003380000000000
28003170024328003390000000000
28007735196208003390000000000
28003170024342003400000000000
28007735196345003400000000000
28003170024694003410000000000
28007735196536003410000000000
28003170024700003420000000000
28007735196550003420000000000
28003170024717003430000000000
28007735196598003430000000000
28003170024724003440000000000
28007735196611003440000000000
28003170025004003450000000000
28007735196994003450000000000
28003170025011003460000000000
28007735197014003460000000000
28003170025028003470000000000
28007735197694003470000000000
28003170025783003480000000000
28007735197717003480000000000
28003170026476003490000000000
28007735197755003490000000000
28003170026483003500000000000
28007735197779003500000000000
28003170026759003510000000000
28007892524036003510000000000
28003170028722003520000000000
28007892524043003520000000000
28003170028852003530000000000
28007892524067003530000000000
28003170028869003540000000000
28007892524142003540000000000
28003170029361003550000000000
28007892524197003550000000000
28003170029378003560000000000
28007892524388003560000000000
28003170029873003570000000000
28007892524579003570000000000
28003170030008003580000000000
28007892524777003580000000000
28003170030107003590000000000
28007892524807003590000000000
28003170030114003600000000000
28007965002942003600000000000
28003170030237003610000000000
28007965003178003610000000000
28003170030510003620000000000
28007965003246003620000000000
28003170030541003630000000000
28007965003260003630000000000
28003170030596003640000000000
28007965005585003640000000000
28003170030831003650000000000
28007965011401003650000000000
28003170030848003660000000000
28007965012156003660000000000
28003170031241003670000000000
28007965013344003670000000000
28003170031258003680000000000
28007965013368003680000000000
28003170033306003690000000000
28007965013399003690000000000
28003170033313003700000000000
28007965013412003700000000000
28003170033320003710000000000
28007965013443003710000000000
28003170033337003720000000000
28007965013467003720000000000
28003170033344003730000000000
28007965013870003730000000000
28003170033580003740000000000
28007965013887003740000000000
28003170033757003750000000000
28007965055702003750000000000
28003170035102003760000000000
28007965055900003760000000000
28003170035171003770000000000
28007965055931003770000000000
28003170035195003780000000000
28007965121704003780000000000
28003170035201003790000000000
28007965131901003790000000000
28003170035201003800000000000
28007965133912003800000000000
28003170035218003810000000000
28007965154009003810000000000
28003170035218003820000000000
28007965155204003820000000000
28003170035225003830000000000
28007965155709003830000000000
28003170035232003840000000000
28007965155808003840000000000
28003170035249003850000000000
28007965254013003850000000000
28003170035256003860000000000
28007965255010003860000000000
28003170036048003870000000000
28007965264012003870000000000
28003170036376003880000000000
28007965265019003880000000000
28003170036383003890000000000
28007965269017003890000000000
28003170037168003900000000000
28007965287011003900000000000
28003170037717003910000000000
28007965289015003910000000000
28003170037724003920000000000
28007965313017003920000000000
28003170038301003930000000000
28007965314014003930000000000
28003170038608003940000000000
28007965316018003940000000000
28003170039421003950000000000
28007965319019003950000000000
28003170039445003960000000000
28007965540017003960000000000
28003170039452003970000000000
28007965542011003970000000000
28003170039520003980000000000
28007965550016003980000000000
28003170040700003990000000000
28007965552010003990000000000
28003170040717004000000000000
28007975000990004000000000000
28003170040830004010000000000
28007975001041004010000000000
28003170040847004020000000000
28007975001478004020000000000
28003170040878004030000000000
28007975003397004030000000000
28003170041745004040000000000
28007975004707004040000000000
28003170042827004050000000000
28007975006619004050000000000
28003170043138004060000000000
28007975007180004060000000000
28003170043510004070000000000
28007975007340004070000000000
28003170044012004080000000000
28007975007395004080000000000
28003170044043004090000000000
28007975008989004090000000000
28003170044128004100000000000
28007975010326004100000000000
28003170044135004110000000000
28007975010661004110000000000
28003170044142004120000000000
28007975011095004120000000000
28003170044166004130000000000
28007975012771004130000000000
28003170044319004140000000000
28007975015833004140000000000
28003170044326004150000000000
28007975015864004150000000000
28003170044333004160000000000
28007975016694004160000000000
28003170044340004170000000000
28007975018025004170000000000
28003170044357004180000000000
28007975018223004180000000000
28003170044579004190000000000
28007975018759004190000000000
28003170044586004200000000000
28007975021841004200000000000
28003170044593004210000000000
28007990001101004210000000000
28003170044609004220000000000
28007990001996004220000000000
28003170044616004230000000000
28007990002139004230000000000
28003170044647004240000000000
28007990002160004240000000000
28003170045026004250000000000
28007990002597004250000000000
28003170045996004260000000000
28007990002603004260000000000
28003170046009004270000000000
28007990131907004270000000000
28003170046535004280000000000
28007990404964004280000000000
28003170046672004290000000000
28003170046726004300000000000
28003170047891004310000000000
28003170048010004320000000000
