12A1600520250617000000
28005200015719000010000000000
28005200106561000010000000000
28005200005710000010000000000
28006540288948000010000000000
28020458000331000010000000000
28053259800213000010000000000
28001620101018000010000000000
28010194000153000010000000000
28003170005617000010000000000
28003160003722000010000000000
28003170005600000010000000000
28003170016392000010000000000
28015962000021000010000000000
28006540945346000010000000000
28006290611522000010000000000
28717163750049000010000000000
28020141215004000010000000000
28000815303206000010000000000
28000630042397000010000000000
28718951545632000010000000000
28002270096679000010000000000
28001620005460000010000000000
28009245001058000010000000000
28020458000263000010000000000
28053259800282000010000000000
28001620012697000010000000000
28053259800145000010000000000
28020458000409000010000000000
28001050766566000010000000000
28001050756567000010000000000
28001050776565000010000000000
28010194000146000010000000000
28003170016361000010000000000
28003170005280000010000000000
28002270013065000010000000000
28033433859008000010000000000
28003170045361000010000000000
28003170045378000010000000000
28003170013384000010000000000
28008490991015000010000000000
28008490000144000010000000000
28001050025540000010000000000
28718951564343000010000000000
28020141148005000010000000000
28001620006719000010000000000
28008627000177000010000000000
28717163746691000010000000000
28000630040270000010000000000
28020458000577000010000000000
28001620017708000010000000000
28001050006563000010000000000
28020141800002000010000000000
28008490000021000010000000000
28003160060596000010000000000
28009245001034000010000000000
28009245001089000010000000000
28001050766580000010000000000
28006290802005000010000000000
28010194000122000010000000000
28020458000317000010000000000
28053259800190000010000000000
28001620012741000010000000000
28001620104019000010000000000
28020458000607000010000000000
28053259800381000010000000000
28005200246571000010000000000
28005200236572000010000000000
28000815565253000010000000000
28005200010264000010000000000
28005200020027000010000000000
28001050025663000010000000000
25000209223519000010000000000
28003170016323000010000000000
28003170015258000010000000000
28003170005266000010000000000
28032909570119000010000000000
28001620004883000010000000000
28003170092846000010000000000
28006290312535000010000000000
28003170016347000010000000000
28003170005242000010000000000
28003170005259000010000000000
28009245001010000010000000000