 101859  1  1VEDI BOOK INTERNO             I
 101859  1  2                              I
 101859  1  3                              I
 101859  1  4                              I
 101859  1  5                              I
 101859  1  6                              I
 101859  1  7                              I
 101859  1  8                              I
 101859  1  9                              I
 101859  1 10                              I
 101859  1  1                              A
 101859  1  2                              A
 101859  1  3                              A
 101859  1  4                              A
 101859  1  5                              A
 101859  1  6                              A
 101859  1  7                              A
 101859  1  8                              A
 101859  1  9                              A
 101859  1 10                              A
