12A1600520250925000000
28003160430726000010000000000
28030525003868000020000000000
28003160430719000030000000000
28068020921851000040000000000
28000001025592000010000000000
28003170064218000020000000000
28054187562068000030000000000
28008570717733000040000000000
28001480719385000010000000000
28001480719194000020000000000
28001480021198000030000000000
28001480722705000040000000000
28001480719439000010000000000
28001480024021000020000000000
28001480709249000030000000000
28001480709300000040000000000
28003170046351000010000000000
28003170052918000020000000000
28003170055346000030000000000
28033275005250000040000000000
28033275003041000010000000000
28014322620008000020000000000
