12A1600520250922000000
28718951679849000010000000000
28718951570047000020000000000
28718951001572000030000000000
28712857971830000040000000000
28437015393087000050000000000
28426967027881000060000000000
28411114086965000070000000000
28076809579452000080000000000
28051411536154000090000000000
28032774731134000010000000000
28032774731127000020000000000
28032774731110000030000000000
28032523750607000040000000000
28031848002774000010000000000
28031575099924000020000000000
28026921010111000030000000000
28026921000105000040000000000
28026921000051000050000000000
28026862777623000060000000000
28026196989242000070000000000
28026196989235000080000000000
28026196980058000090000000000
28026196969909000010000000000
28026196950044000020000000000
28026196950037000030000000000
28026196910376000040000000000
28023766053235000010000000000
28021983812475000020000000000
28021709000018000030000000000
28020458000638000040000000000
28020458000577000050000000000
28020458000362000060000000000
28020141760009000070000000000
28020141640004000080000000000
28020141215004000090000000000
28017331077672000010000000000
28016825938031000020000000000
28016565042579000030000000000
28016565041701000040000000000
28016565034710000010000000000
28015962000021000020000000000
28015700165432000030000000000
28015100572090000040000000000
28011690250400000050000000000
28011690250387000060000000000
28010573012340000070000000000
28010333004653000080000000000
28009432043281000090000000000
28009245770800000010000000000
28009245001058000020000000000
28009245001010000030000000000
28009193050016000040000000000
28009150112214000010000000000
28008627000450000020000000000
28008627000399000030000000000
28008627000177000040000000000
28008490000144000050000000000
28008490000021000060000000000
28007393008103000070000000000
28007393002507000080000000000
28007393000206000090000000000
28007229343354000010000000000
28007229305321000020000000000
28007229004347000030000000000
28007229004293000040000000000
28007229004064000010000000000
28007229004040000020000000000
28007229000707000030000000000
28007033786057000040000000000
28006789010157000050000000000
28006290804061000060000000000
28006290802005000070000000000
28006290611522000080000000000
28006050127867000090000000000
28005200246571000010000000000
28005200005710000020000000000
28004935010013000030000000000
28004935000731000040000000000
28004935000618000010000000000
28004935000106000020000000000
28004826002547000030000000000
28004283158252000040000000000
28004120909641000050000000000
28004120908439000060000000000
28004120908422000070000000000
28004120040405000080000000000
28003921270042000090000000000
28003921158500000010000000000
28003921101056000020000000000
28003921101049000030000000000
28003872220325000040000000000
28003872220318000010000000000
28003510032617000020000000000
28003510030491000030000000000
28003170087903000040000000000
28003170078604000050000000000
28003170076754000060000000000
28003170045361000070000000000
28003170018716000080000000000
28003170016415000090000000000
28003170016361000010000000000
28003170016347000020000000000
28003170005617000030000000000
28003170005440000040000000000
28003160060596000010000000000
28002885000603000020000000000
28002410038842000030000000000
28002410038828000040000000000
28002410038811000050000000000
28002410038736000060000000000
28002410037944000070000000000
28002410037937000080000000000
28002410037890000090000000000
28002410037845000010000000000
28002410037821000020000000000
28002410034479000030000000000
28002410034462000040000000000
28002410034448000010000000000
28002410033779000020000000000
28002410033618000030000000000
28002410033465000040000000000
28002410033281000050000000000
28002410032963000060000000000
28002410032956000070000000000
28002410032949000080000000000
28002410032925000090000000000
28002340013926000010000000000
28002270096679000020000000000
28002270001956000030000000000
28002270000058000040000000000
28001620101018000010000000000
28001620016664000020000000000
28001620012741000030000000000
28001620012697000040000000000
28001620006719000050000000000
28001561040698000060000000000
28001449521738000070000000000
28001050216566000080000000000
28001050025663000090000000000
28001050025632000010000000000
28001050025540000020000000000
28001050006563000030000000000
28000877832270000040000000000
28000877830832000010000000000
28000877830825000020000000000
28000877830818000030000000000
28000877830801000040000000000
28000877830740000050000000000
28000877825586000060000000000
28000877811688000070000000000
28000877807957000080000000000
28000815565253000090000000000
28000815303206000010000000000
28000513002012000020000000000
28000296000700000030000000000
28000137016853000040000000000
28000137016822000010000000000
28000036006146000020000000000
28000001025660000030000000000
27630040401357000040000000000
26931722300625000050000000000
25707535001476000060000000000
25056219097404000070000000000
25000267178424000080000000000
25000204342499000090000000000
24005900494733000010000000000
24005900383297000020000000000
24005900383259000030000000000
23666085407645000040000000000
23600542596862000010000000000
23600542596817000020000000000
23600542159654000030000000000
23600542154659000040000000000
23600542137348000050000000000
23600541744530000060000000000
23600541595125000070000000000
23600541358492000080000000000
23179732348913000090000000000