12A1600520250922000000
28009004908512000010000000000
28009004908482000020000000000
28009004809727000030000000000
28009004850019000040000000000
28009004850026000050000000000
28009004908901000060000000000
28009004811485000010000000000
28009004812314000020000000000
28009004811133000030000000000
28009004809598000040000000000
28009004901124000050000000000
28009004809758000060000000000
28009004809765000010000000000
28009004908246000020000000000
28009004600126000030000000000
28009004811386000040000000000
28009004809543000050000000000
28009004500013000060000000000
28009004809550000010000000000
28009004500075000020000000000
28009004500020000030000000000
28009004500068000040000000000
28009004811584000050000000000
28009004810617000060000000000
28009004108578000010000000000
28009004812277000020000000000
28009004815872000030000000000
28009004815896000040000000000
28009004816046000050000000000
28009004810167000060000000000
28009004816015000010000000000
28009004809536000020000000000
28009004908451000030000000000
28009004814318000040000000000
28009004814325000050000000000
28009004600010000060000000000
28009004208490000010000000000
28009004815261000020000000000
28009004210011000030000000000
28009004200371000040000000000
28009004200012000050000000000
28009004811645000060000000000
28009004210004000010000000000
28009004300248000020000000000
28009004812864000030000000000
28009004814066000040000000000
28009004809888000050000000000
28009004809741000060000000000
28009004901322000010000000000
28009004812079000020000000000
28009004800489000030000000000
28009004800168000040000000000
28009004800151000050000000000
28009004800175000060000000000
28009004800496000010000000000
28009004120198000020000000000
28009004812253000030000000000
28009004809635000040000000000
28009004810228000050000000000
28009004812338000060000000000
28009004801011000010000000000
28009004801004000020000000000
28009004812871000030000000000
28009004812888000040000000000
28009004812161000050000000000
28009004908918000060000000000
28009004600201000010000000000
28009004816091000020000000000
28009004816060000030000000000
28009004811799000040000000000
28009004810099000050000000000
28009004809185000060000000000
28009004810105000010000000000
28009004810129000020000000000
28009004810112000030000000000
28009004810136000040000000000
28009004300309000050000000000
28009004810747000060000000000
28009004860001000010000000000
28009004908161000020000000000
28009004809499000030000000000
28009004908154000040000000000
28009004908192000050000000000
28009004500037000060000000000
28009004812260000010000000000
28009004810488000020000000000
28009004810549000030000000000
28009004812321000040000000000
28009004814660000050000000000
28009004810525000060000000000
28009004810464000010000000000
28009004810457000020000000000
28009004810518000030000000000
28009004810501000040000000000
28009004800120000050000000000
28009004300156000060000000000