12A1600520250925000000
28004275081810000010000000000
28000550506306000020000000000
25601159333510000030000000000
28005510001495000040000000000
28000010002966000010000000000
2B - 80053835 000020000000000
28009113015019000030000000000
28002210112865000040000000000
28003170018693000050000000000
28002210112827000060000000000
28004825000018000070000000000
28003170018679000080000000000
28003170008298000090000000000
28002210111110000010000000000
28004030052000000020000000000
28004275057617000030000000000
28002470441996000040000000000
28004275001115000010000000000
28001250220011000020000000000
2B - 80533979 000030000000000
28003170008311000040000000000
28002470000476000050000000000
28007153008060000060000000000
28005510007350000070000000000
28003170008304000080000000000
28029457000106000090000000000
2B - 80022053 000010000000000
28005850111656000020000000000